-1.000000000000000000
-1.000000000000000000
-1.000000000000000000
-1.000000000000000000
-1.000000000000000000
-1.000000000000000000
-1.000000000000000000
-1.000000000000000000
-1.000000000000000000
-1.000000000000000000
-1.000000000000000000
-1.000000000000000000
-1.000000000000000000
-1.000000000000000000
-1.000000000000000000
0.784688494997006300
0.772229560902248300
0.759991915400448100
0.747972743140844900
0.736169224511894100
0.724578537773629100
0.713197861099199600
0.702024374525816800
0.691055261818653800
0.680287712248823100
0.669718922287652700
0.659346097218614500
0.649166452670296300
0.639177216070250500
0.629375628024638100
0.619758943622254000
0.610324433668157400
0.601069385846343800
0.591991105815453400
0.583086918237660300
0.574354167744200300
0.565790219838530100
0.557392461739654500
0.549158303166362900
0.541085177065933700
0.533170540287403700
0.525411874202509100
0.517806685274913800
0.510352505580522300
0.503046893279218700
0.495887433041526100
0.488871736429644150
0.481997442235780950
0.475262216779059600
0.468663754162376430
0.462199776490053200
0.455868034048959100
0.449666305452870000
0.443592397752810000
0.437644146513513470
0.431819415857813500
0.426116098479966600
0.420532115629136450
0.415065417063710000
0.409713980978229800
0.404475813902977100
0.399348950578366560
0.394331453803650760
0.389421414262434150
0.384616950324207450
0.379916207824315000
0.375317359821497000
0.370818606335468150
0.366418174063958800
0.362114316080459100
0.357905311513363700
0.353789465206976900
0.349765107365196200
0.345830593178405600
0.341984302434108050
0.338224639111888300
0.334550030963553500
0.330958929078351060
0.327449807434696040
0.324021162438027500
0.320671512446045900
0.317399397281605400
0.314203377733488900
0.311082035046196700
0.308033970398807800
0.305057804373869260
0.302152176416219500
0.299315744283385370
0.296547183487046060
0.293845186726940900
0.291208463317536300
0.288635738608231900
0.286125753397669270
0.283677263343198370
0.281289038365707340
0.278959862051178730
0.276688531049453100
0.274473854471068500
0.272314653283225350
0.270209759705444800
0.268158016606419750
0.266158276902435260
0.264209402958814300
0.262310265994878500
0.260459745494244700
0.258656728620671300
0.256900109641048400
0.255188789356424250
0.253521674542120160
0.251897677398087550
0.250315715010326730
0.248774708824552630
0.247273584133125600
0.245811269576154570
0.244386696657304900
0.242998799275643860
0.241646513274236250
0.240328776005479400
0.239044525914794700
0.237792702142276400
0.236572244142976200
0.235382091326488740
0.234221182715018100
0.233088456621136670
0.231982850343721740
0.230903299883300830
0.229848739674808980
0.228818102338777500
0.227810318448730180
0.226824316315184430
0.225859021784425740
0.224913358051478050
0.223986245485473270
0.223076601466742350
0.222183340233429280
0.221305372736674170
0.220441606502327000
0.219590945497769720
0.218752290001743300
0.217924536475987750
0.217106577436402850
0.216297301322213140
0.215495592361572200
0.214700330431742530
0.213910390912705600
0.213124644532270040
0.212341957202193450
0.211561189843651770
0.210781198201653500
0.210000832647615960
0.209218937970003100
0.208434353153153800
0.207645911144517600
0.206852438611375560
0.206052755688110600
0.205245675716298200
0.204430004979305160
0.203604542435112950
0.202768079450210660
0.201919399539889940
0.201057278119298940
0.200180482271685470
0.199287770541144300
0.198377892757819140
0.197449589904774430
0.196501594037838540
0.195532628270071030
0.194541406834803670
0.193526635243082170
0.192487010552853530
0.191421221769470270
0.190327950399934360
0.189205871185277600
0.188053653038326000
0.186869960217805160
0.185653453771881300
0.184402793288868050
0.183116638995592880
0.181793654248462670
0.180432508465866780
0.179031880554897770
0.177590462889201160
0.176106965899337780
0.174580123339588860
0.173008698299645570
0.171391490030966800
0.169727341659567500
0.168015148856808930
0.166253869537277530
0.164442534649256870
0.162580260114674270
0.160666259964414640
0.158699860698528600
0.156680516879535240
0.154607827937770060
0.152481556133175070
0.150301645573803400
0.148068242138518100
0.145781714090510660
0.143442673097466640
0.141051995296124670
0.138610841954699200
0.136120679197791250
0.133583296172061660
0.131000820947487720
0.128375733380526570
0.125710874115158520
0.123009448876865820
0.120275027230959410
0.117511535038881070
0.114723239960163810
0.111914729518789960
0.109090881478756470
0.106256826551155910
0.103417903771870240
0.100579609228642290
0.097747539157810660
0.094927328748317510
0.092124588258359000
0.089344838244168030
0.086593445801258950
0.083875563714474810
0.081196074301423730
0.078559539522459700
0.075970158634457360
0.073431734310068930
0.070947647756165270
0.068520842973880540
0.066153819935580420
0.063848636132853370
0.061606915690371720
0.059429865052472344
0.057318294133405710
0.055272641775631110
0.053293004373531950
0.051379166582432065
0.049530633131143350
0.047746660879022490
0.046026290393342450
0.044368376461091500
0.042771617082775940
0.041234580619218364
0.039755730872544935
0.038333449976890610
0.036966059053262744
0.035651836645950310
0.034389035006952570
0.033175894330784950
0.032010655067115150
0.030891568454562060
0.029816905427158760
0.028784964047446068
0.027794075617949925
0.026842609617377097
0.025928977599944540
0.025051636187132766
0.024209089270782202
0.023399889536121186
0.022622639402702215
0.021875991471089196
0.021158648553438394
0.020469363356976952
0.019806937881074346
0.019170222580797588
0.018558115342975680
0.017969560314471160
0.017403546616817460
0.016859106976325740
0.016335316294525663
0.015831290179767848
0.015346183457662787
0.014879188674896203
0.014429534608593030
0.013996484791072440
0.013579336058049122
0.013177417126682807
0.012790087208449194
0.012416734660743334
0.012056775680021222
0.011709653038516161
0.011374834865850763
0.011051813476272614
0.010740104241762383
0.010439244510876484
0.010148792572843303
0.009868326666206542
0.009597444031047304
0.009335760003717511
0.009082907152857311
0.008838534455377965
0.008602306511052727
0.008373902794285900
0.008153016941649965
0.007939356073709287
0.007732640149743310
0.007532601353901858
0.007338983511433654
0.007151541533596891
0.006970040889938769
0.006794257106645998
0.006623975289715631
0.006458989671751329
0.006299103181215432
0.006144127033030404
0.005993880339458761
0.005848189740240371
0.005706889051005295
0.005569818929040958
0.005436826555506084
0.005307765333259107
0.005182494599482015
0.005060879352333093
0.004942789990899429
0.004828102067752417
0.004716696053446076
0.004608457112323027
0.004503274889045145
0.004401043305272013
0.004301660365948565
0.004205027974705814
0.004111051757868282
0.004019640896626506
0.003930707966933224
0.003844168786700707
0.003759942269916716
0.003677950287299774
0.003598117533141499
0.003520371397994841
0.003444641846897493
0.003370861302818527
0.003298964535041536
0.003228888552221897
0.003160572499843373
0.003093957561843690
0.003028986866172377
0.002965605394061957
0.002903759892816930
0.002843398791918320
0.002784472122281063
0.002726931438492590
0.002670729743892728
0.002615821418364152
0.002562162148720217
0.002509708861607537
0.002458419658846077
0.002408253755177623
0.002359171418404909
0.002311133911953630
0.002264103439925207
0.002218043094760639
0.002172916807696523
0.002128689302263017
0.002085326051165097
0.002042793236983211
0.002001057717256361
0.001960086994662523
0.001919849193173961
0.001880313041290066
0.001841447863689052
0.001803223582946006
0.001765610733310311
0.001728580488958047
0.001692104709617441
0.001656156007036362
0.001620707836418935
0.001585734617702660
0.001551211892396682
0.001517116522629385
0.001483426940067484
0.001450123453400200
0.001417188624128912
0.001384607721305365
0.001352369266559052
0.001320465680985510
0.001288894044986057
0.001257656980580518
0.001226763662531431
0.001196230959214939
0.001166084695766455
0.001136361019745755
0.001107107832505137
0.001078386226793366
0.001050271842450411
0.001022856017607918
0.000996246574105397
0.000970568036177707
0.000945961046671223
0.000922580723771491
0.000900593704998908
0.000880173667397593
0.000861495206166864
0.000844726106691695
0.000830018255421282
0.000817497686549700
0.000807254518763984
0.000799333747422149
0.000793727962169864
0.000790373005487006
0.000789147347932745
0.000789875547363105
0.000792335645451045
0.000796269833918945
0.000801397302551307
0.000807427946380008
0.000814075598437972
0.000821069649797347
0.000828164257926577
0.000835144743375349
0.000841831152658161
0.000848079263706247
0.000853779501501188
0.000858854315540148
0.000863254566801946
0.000866955407873269
0.000869952043993138
0.000872255658016226
0.000873889684461223
0.000874886535698236
0.000875284820178510
0.000875127047968265
0.000874457790171776
0.000873322242778261
0.000871765138658042
0.000869829950907853
0.000867558334143338
0.000864989755872338
0.000862161276540814
0.000859107443395310
0.000855860269484915
0.000852449274655860
0.000848901570183402
0.000845241972718896
0.000841493136556372
0.000837675695925873
0.000833808411165654
0.000829908314329312
0.000825990851098350
0.000822070016884200
0.000818158485770751
0.000814267731523523
0.000810408140313208
0.000806589115103434
0.000802819171869145
0.000799106027958030
0.000795456682997739
0.000791877492809738
0.000788374236819861
0.000784952179459167
0.000781616126044227
0.000778370473611061
0.000775219257150351
0.000772166191671022
0.000769214710484270
0.000766368000077378
0.000763629031914042
0.000761000591473213
0.000758485304808869
0.000756085662892672
0.000753804043975317
0.000751642734182444
0.000749603946543256
0.000747689838628582
0.000745902528966387
0.000744244112378204
0.000742716674377443
0.000741322304753048
0.000740063110452423
0.000738941227868516
0.000737958834630382
0.000737118160986210
0.000736421500861694
0.000735871222675085
0.000735469779983014
0.000735219722028262
0.000735123704257535
0.000735184498875347
0.000735405005501568
0.000735788261992592
0.000736337455488197
0.000737055933753107
0.000737947216870361
0.000739015009354179
0.000740263212746220
0.000741695938767805
0.000743317523094789
0.000745132539830149
0.000747145816753014
0.000749362451428864
0.000751787828263491
0.000754427636596552
0.000757287889937712
0.000760374946450640
0.000763695530798703
0.000767256757482518
0.000771066155806423
0.000775131696617178
0.000779461820978187
0.000784065470957949
0.000788952122724271
0.000794131822147446
0.000799615223149117
0.000805413629050627
0.000811539037190501
0.000818004187117271
0.000824822612695373
0.000832008698496247
0.000839577740869372
0.000847546014150176
0.000855930842506881
0.000864750677965648
0.000874025185218461
0.000883775333897432
0.000894023499060597
0.000904793570705947
0.000916111073235847
0.000928003295908801
0.000940499435398907
0.000953630751721028
0.000967430738945714
0.000981935312269956
0.000997183013174227
0.001013215234618544
0.001030076468466778
0.001047814577547194
0.001066481095035087
0.001086131554196855
0.001106825851852458
0.001128628649275920
0.001151609814700437
0.001175844912085663
0.001201415741265317
0.001228410935142358
0.001256926620240634
0.001287067147538038
0.001318945901103711
0.001352686192770025
0.001388422251768714
0.001426300318782341
0.001466479854347950
0.001509134871950372
0.001554455406132305
0.001602649125437601
0.001653943098982089
0.001708585723455379
0.001766848813842429
0.001829029855760131
0.001895454409423296
0.001966478643467873
0.002042491959876455
0.002123919647586024
0.002211225469336923
0.002304914040415113
0.002405532795472254
0.002513673255377005
0.002629971192981079
0.002755105146813445
0.002889792536563980
0.003034782383521844
0.003190843323443335
0.003358745214009878
0.003539232187701627
0.003732984503053742
0.003940566053902318
0.004162354008899526
0.004398446947146613
0.004648548309239380
0.004911823405621459
0.005186731151189622
0.005470836725743528
0.005760618988891097
0.006051296758553795
0.006336710083333021
0.006609303926565000
0.006860267811545682
0.007079879931684220
0.007258082074668240
0.007385269818845156
0.007453225354287818
0.007456061883409607
0.007391010104587634
0.007258879632007714
0.007064080858285067
0.006814185661133400
0.006519109769970858
0.006190079823753949
0.005838578175174490
0.005475433856048054
0.005110165639179040
0.004750609951824664
0.004402806287850498
0.004071077793088805
0.003758234795333002
0.003465836806183854
0.003194464810852051
0.002943973286719834
0.002713706240312273
0.002502672160503396
0.002309679335482482
0.002133436373608352
0.001972624024818530
0.001825944385656493
0.001692152914334471
0.001570077778590691
0.001458630132563253
0.001356808085500327
0.001263696429210875
0.001178463633965960
0.001100357191121523
0.001028698057602080
0.000962874719136399
0.000902337214711375
0.000846591340922994
0.000795193169256921
0.000747743948990958
0.000703885427033535
0.000663295590148887
0.000625684818451192
0.000590792427820251
0.000558383573394124
0.000528246484687773
0.000500190001857699
0.000474041382871267
0.000449644353761245
0.000426857376290185
0.000405552108693564
0.000385612037715557
0.000366931263001795
0.000349413416329402
0.000332970699740547
0.000317523029174454
0.000302997271678342
0.000289326564978066
0.000276449709910537
0.000264310627799922
0.000252857875168959
0.000242044208961163
0.000231826196938216
0.000222163868310646
0.000213020399708982
0.000204361832692259
0.000196156819693747
0.000188376395028188
0.000180993768060998
0.000173984136557718
0.000167324518068287
0.000160993597076886
0.000154971586486011
0.000149240102215632
0.000143782049232839
0.000138581517782726
0.000133623689176684
0.000128894750056521
0.000124381813995900
0.000120072850019444
0.000115956617514408
0.000112022606553123
0.000108260983172979
0.000104662539484120
0.000101218647914945
0.000097921219011347
0.000094762662815319
0.000091735853509726
0.000088834096681592
0.000086051099154873
0.000083380941419794
0.000080818052110381
0.000078357184277653
0.000075993393668012
0.000073722018711915
0.000071538661784608
0.000069439171920372
0.000067419628995390
0.000065476328895835
0.000063605769657731
0.000061804638826792
0.000060069801692657
0.000058398290138976
0.000056787292416278
0.000055234143755900
0.000053736317409390
0.000052291416286511
0.000050897165383317
0.000049551404600098
0.000048252081874038
0.000046997246971538
0.000045785045729633
0.000044613714434790
0.000043481574649811
0.000042387028555337
0.000041328554389960
0.000040304702097942
0.000039314089486023
0.000038355398556291
0.000037427371853900
0.000036528809213531
0.000035658564806637
0.000034815544120833
0.000033998701146319
0.000033207035951430
0.000032439592234675
0.000031695454879489
0.000030973747887324
0.000030273632422228
0.000029594304719762
0.000028934994252917
0.000028294962159299
0.000027673499512952
0.000027069925662843
0.000026483586915813
0.000025913855164412
0.000025360126399793
0.000024821819539897
0.000024298375375262
0.000023789255308136
0.000023293940274174
0.000022811929949641
0.000022342741796061
0.000021885910114099
0.000021440985479909
0.000021007534199472
0.000020585137659504
0.000020173392075423
0.000019771908543750
0.000019380313053843
0.000018998246902539
0.000018625367791683
0.000018261351247273
0.000017905892629215
0.000017558710384335
0.000017219550462840
0.000016888192040384
0.000016564455516389
0.000016248213296652
0.000015939403597817
0.000015638048451254
0.000015344277048958
0.000015058354720281
0.000014780718062866
0.000014512016372205
0.000014253156981836
0.000014005349207688
0.000013770137647106
0.000013549408153343
0.000013345340976193
0.000013160279216320
0.000012996480299177
0.000012855732928485
0.000012738863682484
0.000012645224750867
0.000012572323765751
0.000012515782616016
0.000012469744648272
0.000012427685370358
0.000012383401151426
0.000012331870034516
0.000012269750801894
0.000012195455970377
0.000012108893096564
0.000012011040690095
0.000011903508364219
0.000011788172169004
0.000011666918197172
0.000011541488321215
0.000011413404168296
0.000011283943890268
0.000011154150648186
0.000011024856757320
0.000010896713602878
0.000010770222372649
0.000010645762322292
0.000010523614866286
0.000010403983958424
0.000010287013093715
0.000010172798611294
0.000010061400204783
0.000009952849685323
0.000009847157682406
0.000009744318544890
0.000009644314578704
0.000009547119452161
0.000009452700362191
0.000009361019914932
0.000009272037959040
0.000009185712569570
0.000009102000697656
0.000009020859189550
0.000008942245359704
0.000008866117029317
0.000008792433021939
0.000008721153657050
0.000008652240568329
0.000008585656791274
0.000008521367252820
0.000008459338633060
0.000008399539137456
0.000008341938918205
0.000008286510133783
0.000008233226537690
0.000008182063718231
0.000008132999393839
0.000008086012989566
0.000008041085608778
0.000007998200492546
0.000007957342758377
0.000007918499098525
0.000007881658254540
0.000007846811041586
0.000007813949865168
0.000007783069038599
0.000007754165120152
0.000007727236417332
0.000007702283018721
0.000007679307361931
0.000007658313921585
0.000007639308924272
0.000007622300975017
0.000007607301080463
0.000007594322130822
0.000007583379375849
0.000007574490835078
0.000007567676734602
0.000007562959665556
0.000007560365308147
0.000007559922058307
0.000007561660805526
0.000007565615782995
0.000007571824587674
0.000007580327654386
0.000007591168986996
0.000007604396671405
0.000007620062255346
0.000007638221141296
0.000007658933543964
0.000007682264063824
0.000007708281632671
0.000007737060721607
0.000007768681388027
0.000007803228831523
0.000007840794566693
0.000007881477122767
0.000007925381444831
0.000007972619750628
0.000008023312896597
0.000008077589991761
0.000008135588769965
0.000008197457448792
0.000008263354954099
0.000008333450834280
0.000008407927298070
0.000008486980372836
0.000008570819636649
0.000008659670097517
0.000008753774438037
0.000008853393060017
0.000008958805577877
0.000009070314080695
0.000009188244113495
0.000009312945813958
0.000009444797942719
0.000009584210433734
0.000009731625570198
0.000009887522481778
0.000010052421780617
0.000010226887576973
0.000010411532294023
0.000010607023728953
0.000010814089091277
0.000011033520405207
0.000011266184216886
0.000011513029152251
0.000011775092875518
0.000012053514759407
0.000012349548720913
0.000012664573687884
0.000013000110079800
0.000013357840041739
0.000013739624692309
0.000014147526497663
0.000014583839756893
0.000015051119646409
0.000015552214800606
0.000016090312498026
0.000016668987047668
0.000017292250676667
0.000017964621203045
0.000018691201365743
0.000019477762254804
0.000020330847564038
0.000021257902281840
0.000022267412582015
0.000023369071657980
0.000024573987329621
0.000025894916520097
0.000027346533783256
0.000028945762135702
0.000030712155153800
0.000032668322199576
0.000034840428669824
0.000037258763157768
0.000039958328200890
0.000042979451620765
0.000046368372255004
0.000050177641428171
0.000054466154849154
0.000059298527035819
0.000064743224251944
0.000070868603947501
0.000077735700885258
0.000085386035027174
0.000093822311275039
0.000102980178032423
0.000112690626313057
0.000122636579268803
0.000132315357241450
0.000141029733909303
0.000147938027632477
0.000152185903046067
0.000153106911710344
0.000150424050656320
0.000144354080378080
0.000135552943676513
0.000124928708951153
0.000113416788198704
0.000101809532051969
0.000090677889648671
0.000080370733166926
0.000071056778085719
0.000062778396086162
0.000055499634743398
0.000049142215604988
0.000043609683531237
0.000038802127181757
0.000034624295653031
0.000030989558401859
0.000027821359718182
0.000025053223491592
0.000022628060110538
0.000020497190199300
0.000018619256662059
0.000016959172807466
0.000015487192965332
0.000014178083163118
0.000013010393637461
0.000011965861350143
0.000011028907295673
0.000010186198592244
0.000009426293676133
0.000008739354723348
0.000008116893321884
0.000007551560420011
0.000007036982556767
0.000006567615513747
0.000006138617211289
0.000005745752153869
0.000005385307652865
0.000005054015067635
0.000004748991334979
0.000004467691279175
0.000004207858280237
0.000003967486130237
0.000003744791818196
0.000003538185000709
0.000003346241491887
0.000003167687201330
0.000003001380006516
0.000002846290569791
0.000002701491919969
0.000002566149479941
0.000002439507164697
0.000002320879529177
0.000002209646882764
0.000002105245652532
0.000002007161607183
0.000001914927760644
0.000001828118332644
0.000001746342564843
0.000001669243741731
0.000001596496091233
0.000001527799276236
0.000001462877440348
0.000001401478299013
0.000001343368626979
0.000001288332769296
0.000001236173095840
0.000001186706779314
0.000001139763648840
0.000001095187199780
0.000001052832796375
0.000001012565079260
0.000000974258861063
0.000000937798664387
0.000000903076073366
0.000000869990062321
0.000000838447568940
0.000000808361212846
0.000000779648864010
0.000000752234814421
0.000000726048200558
0.000000701021866746
0.000000677093660795
