-1.000000000000000000
-1.000000000000000000
-1.000000000000000000
-1.000000000000000000
-1.000000000000000000
-1.000000000000000000
-1.000000000000000000
-1.000000000000000000
-1.000000000000000000
-1.000000000000000000
-1.000000000000000000
-1.000000000000000000
0.777323734632712500
0.761345058937518100
0.745734455144614600
0.730485721396061200
0.715592656831866500
0.701049068653252900
0.686848778774965000
0.672985630080422900
0.659453492291389300
0.646246267463524300
0.633357895122561500
0.620782357051698600
0.608513681742692600
0.596545948524278000
0.584873291378382000
0.573489902457401300
0.562390035313290700
0.551568007851359300
0.541018205018418000
0.530735081238401300
0.520713162604185700
0.510947048837729000
0.501431415027845400
0.492161013155864000
0.483130673419075840
0.474335305360017300
0.465769898811918440
0.457429524668227950
0.449309335483826950
0.441404565917247360
0.433710533019976030
0.426222636380454050
0.418936358130144000
0.411847262817451270
0.404950997155815300
0.398243289651792000
0.391719950118770030
0.385376869081110100
0.379210017073585700
0.373215443841348000
0.367389277443576000
0.361727723265197400
0.356227062941078900
0.350883653194774700
0.345693924596294100
0.340654380241103950
0.335761594353245200
0.331012210815690900
0.326402941629657550
0.321930565305386000
0.317591925187368230
0.313383927714770000
0.309303540620096500
0.305347791068135300
0.301513763736424360
0.297798598840634700
0.294199490105373830
0.290713682684456700
0.287338471031921560
0.284071196726705900
0.280909246253859270
0.277850048745930100
0.274891073687038100
0.272029828583926600
0.269263856608579160
0.266590734215799700
0.264008068741863200
0.261513495989053800
0.259104677801817700
0.256779299641374970
0.254535068165113700
0.252369708817834900
0.250280963442898400
0.248266587920853180
0.246324349843580950
0.244452026233029280
0.242647401312531460
0.240908264339547150
0.239232407508745250
0.237617623933204990
0.236061705712478140
0.234562442094574100
0.233117617739521200
0.231725011089860850
0.230382392854449750
0.229087524608926230
0.227838157516443900
0.226632031170077770
0.225466872557245230
0.224340395144620400
0.223250298081038700
0.222194265513132340
0.221169966007849880
0.220175052073835600
0.219207159772052850
0.218263908404694700
0.217342900270109330
0.216441720470397600
0.215557936756970380
0.214689099399430840
0.213832741062170480
0.212986376672987860
0.212147503269114440
0.211313599805208420
0.210482126910541400
0.209650526582666340
0.208816221807781170
0.207976616098859870
0.207129092947131940
0.206271015184089050
0.205399724255568380
0.204512539413612050
0.203606756836619700
0.202679648693094500
0.201728462171510300
0.200750418504318200
0.199742712023118770
0.198702509289582140
0.197626948358055700
0.196513138235179820
0.195358158616599050
0.194159059993697650
0.192912864240613460
0.191616565810294300
0.190267133689233180
0.188861514284423020
0.187396635442651620
0.185869411831856800
0.184276751946755750
0.182615567036486040
0.180882782289531400
0.179075350651076300
0.177190269687379940
0.175224601950419060
0.173175499330122360
0.171040231907654900
0.168816221836397000
0.166501082770117550
0.164092665322735120
0.161589108969905050
0.158988900676383020
0.156290940342316750
0.153494612888348120
0.150599866431188830
0.147607295525285650
0.144518227854156600
0.141334812053639760
0.138060103553776740
0.134698144480494160
0.131254032823903200
0.127733975357359590
0.124145318298955020
0.120496549591337520
0.116797267079498210
0.113058107915068730
0.109290636273715320
0.105507188915188430
0.101720681103330000
0.097944378665707520
0.094191645138085590
0.090475675580375640
0.086809230363348980
0.083204382709969470
0.079672292912116170
0.076223020020419950
0.072865378711881870
0.069606845400813700
0.066453513953785850
0.063410098036092060
0.060479974482684850
0.057665260329647430
0.054966915288948520
0.052384861406393700
0.049918112235211780
0.047564904880466110
0.045322829521478430
0.043188952330561595
0.041159928951259264
0.039232106796300450
0.037401615333535840
0.035664444236687970
0.034016509797347500
0.032453710348493020
0.030971971666548342
0.029567283428057250
0.028235727826395190
0.026973501426528546
0.025776931271443662
0.024642486167467805
0.023566783978532554
0.022546595659278076
0.021578846659613130
0.020660616241973360
0.019789135169150245
0.018961782146079152
0.018176079333628237
0.017429687195618347
0.016720398891721694
0.016046134387731396
0.015404934419882351
0.014794954421085827
0.014214458492830205
0.013661813486854895
0.013135483244516662
0.012634023028664496
0.012156074172306517
0.011700358959888458
0.011265675750283300
0.010850894345389522
0.010454951604072348
0.010076847298144741
0.009715640204679785
0.009370444427279273
0.009040425937669376
0.008724799328218387
0.008422824765484430
0.008133805134612874
0.007857083364417346
0.007592039923015966
0.007338090474144949
0.007094683684543204
0.006861299173139391
0.006637445593194038
0.006422658838911606
0.006216500368517577
0.006018555636168461
0.005828432625539783
0.005645760478309381
0.005470188211197553
0.005301383515588251
0.005139031634151845
0.004982834309223041
0.004832508798061515
0.004687786950401060
0.004548414344031425
0.004414149474422387
0.004284762994657351
0.004160037002224733
0.004039764369405524
0.003923748114246891
0.003811800809291460
0.003703744025434709
0.003599407808445033
0.003498630185853841
0.003401256702066614
0.003307139979693438
0.003216139305224030
0.003128120237301897
0.003042954235960236
0.002960518311303938
0.002880694690223052
0.002803370499824767
0.002728437466383226
0.002655791628706196
0.002585333064932356
0.002516965631892724
0.002450596716303281
0.002386136997211574
0.002323500219298801
0.002262602976857707
0.002203364508532599
0.002145706503241674
0.002089552918104262
0.002034829809738032
0.001981465180924890
0.001929388845512742
0.001878532315459086
0.001828828715293744
0.001780212730979853
0.001732620602317396
0.001685990170743988
0.001640260997774197
0.001595374573491662
0.001551274639629914
0.001507907657891106
0.001465223461378630
0.001423176135208958
0.001381725181280258
0.001340837031089196
0.001300486978168106
0.001260661605933687
0.001221361783987819
0.001182606290822065
0.001144436085778597
0.001106919187728342
0.001070156009742437
0.001034284834938878
0.000999486888968985
0.000965990170450423
0.000934070865806911
0.000904050860837617
0.000876289680500977
0.000851169306188643
0.000829070927187294
0.000810343924850122
0.000795269246050022
0.000784021491763159
0.000776635890235983
0.000772987008641938
0.000772784901146246
0.000775591301180399
0.000780854181371563
0.000787954907864840
0.000796259719874384
0.000805167130567935
0.000814144856729900
0.000822753068253690
0.000830653928363165
0.000837609711980172
0.000843472923422285
0.000848171926955927
0.000851695028203792
0.000854075091782482
0.000855375937052910
0.000855681072674702
0.000855084857955176
0.000853685896930946
0.000851582334807009
0.000848868687448157
0.000845633852690361
0.000841959998291483
0.000837922076727357
0.000833587771152831
0.000829017724515018
0.000824265943186590
0.000819380297601773
0.000814403066186326
0.000809371486564138
0.000804318290890350
0.000799272211319624
0.000794258447973524
0.000789299096083015
0.000784413531838471
0.000779618758257983
0.000774929713456856
0.000770359544277830
0.000765919848464812
0.000761620888589353
0.000757471780835085
0.000753480661537764
0.000749654834156934
0.000746000899120342
0.000742524868711247
0.000739232268956626
0.000736128230256203
0.000733217568273457
0.000730504856452611
0.000727994491364146
0.000725690751920464
0.000723597853409473
0.000721719997176225
0.000720061416671644
0.000718626420547677
0.000717419433384116
0.000716445034566427
0.000715707995831849
0.000715213317914406
0.000714966266704391
0.000714972409345889
0.000715237650621883
0.000715768270003719
0.000716570959748503
0.000717652864371751
0.000719021621881845
0.000720685407169202
0.000722652977900927
0.000724933723371766
0.000727537716749285
0.000730475771148530
0.000733759500097165
0.000737401382925023
0.000741414835666715
0.000745814288204654
0.000750615268354740
0.000755834493720587
0.000761489972293743
0.000767601112769037
0.000774188845761394
0.000781275757266890
0.000788886235758245
0.000797046634637424
0.000805785451927761
0.000815133529259909
0.000825124272660238
0.000835793897851505
0.000847181703145050
0.000859330373610069
0.000872286320505855
0.000886100060650584
0.000900826641178668
0.000916526115690008
0.000933264078914948
0.000951112268068916
0.000970149240074580
0.000990461135570231
0.001012142542090862
0.001035297470615669
0.001060040462226684
0.001086497843832485
0.001114809154927373
0.001145128770998448
0.001177627752560537
0.001212495953456894
0.001249944426999475
0.001290208173361380
0.001333549277944479
0.001380260496168634
0.001430669345622753
0.001485142772395706
0.001544092461279955
0.001607980859889535
0.001677327982251543
0.001752719042055065
0.001834812937173397
0.001924351555163139
0.002022169780204303
0.002129205940806278
0.002246512213275135
0.002375264149937451
0.002516767981055520
0.002672463562075233
0.002843919704619628
0.003032817012922798
0.003240911095332318
0.003469966014307910
0.003721644046913300
0.003997333485959726
0.004297892148974229
0.004623282362208723
0.004972077095196071
0.005340832651022735
0.005723359009463615
0.006109982396703298
0.006486986496551805
0.006836520101105165
0.007137319017358695
0.007366527069360977
0.007502639767732167
0.007529143127329915
0.007437942690492092
0.007231464550941893
0.006922599008414957
0.006532405751620957
0.006086333830404363
0.005610167406631905
0.005126783402298716
0.004654274888541587
0.004205416778557020
0.003788094265293925
0.003406230291787063
0.003060840476145235
0.002750991924333773
0.002474570119021894
0.002228840038013549
0.002010828260561448
0.001817566122458333
0.001646232855287743
0.001494230763541428
0.001359216494685019
0.001239105364122473
0.001132060184750949
0.001036472030379054
0.000950937569125614
0.000874235757662739
0.000805305467483452
0.000743224851656276
0.000687192803825300
0.000636512570865024
0.000590577435252961
0.000548858306669132
0.000510893018035652
0.000476277128179609
0.000444656035226126
0.000415718216927042
0.000389189444934253
0.000364827827567877
0.000342419559033945
0.000321775275479641
0.000302726921538191
0.000285125055239996
0.000268836527557172
0.000253742476126987
0.000239736593113351
0.000226723624342741
0.000214618064544717
0.000203343026173518
0.000192829251529390
0.000183014250538990
0.000173841549182340
0.000165260027712083
0.000157223342010729
0.000149689415063992
0.000142619986408146
0.000135980217862657
0.000129738342998732
0.000123865356206025
0.000118334739671792
0.000113122217514801
0.000108205538829769
0.000103564285098207
0.000099179695362124
0.000095034513229755
0.000091112848228516
0.000087400050521795
0.000083882601470670
0.000080548011953035
0.000077384732359589
0.000074382072604603
0.000071530126761892
0.000068819708233478
0.000066242289653158
0.000063789947143228
0.000061455313011107
0.000059231529505923
0.000057112208118313
0.000055091393949809
0.000053163529900700
0.000051323427297708
0.000049566237791920
0.000047887426164090
0.000046282748857339
0.000044748231003171
0.000043280146600212
0.000041875001894527
0.000040529516638509
0.000039240610190617
0.000038005387491554
0.000036821124533824
0.000035685258473793
0.000034595375141312
0.000033549198735426
0.000032544583910547
0.000031579504912336
0.000030652048900685
0.000029760408485369
0.000028902873194845
0.000028077825084930
0.000027283731229192
0.000026519138045792
0.000025782667563898
0.000025073010427785
0.000024388922829217
0.000023729222280752
0.000023092782227744
0.000022478530546396
0.000021885444767866
0.000021312549211996
0.000020758913894403
0.000020223650418111
0.000019705912059275
0.000019204892988777
0.000018719827279311
0.000018249992705777
0.000017794712912116
0.000017353364007846
0.000016925386069086
0.000016510296726511
0.000016107715760502
0.000015717398265528
0.000015339280996331
0.000014973550502885
0.000014620731322618
0.000014281802996940
0.000013958343031363
0.000013652677330891
0.000013368003236228
0.000013108393718815
0.000012878538099058
0.000012683033409487
0.000012525085563345
0.000012404756899720
0.000012317383132985
0.000012253194978760
0.000012198926883084
0.000012141038906864
0.000012069005833630
0.000011977107997958
0.000011864288497059
0.000011732777098497
0.000011586460584534
0.000011429615115808
0.000011266165821357
0.000011099369990865
0.000010931761692609
0.000010765226269711
0.000010601116794838
0.000010440373886226
0.000010283629910798
0.000010131290524846
0.000009983599172510
0.000009840684109335
0.000009702592188147
0.000009569315180366
0.000009440806818334
0.000009316995708194
0.000009197795436404
0.000009083109775005
0.000008972838155033
0.000008866879068501
0.000008765131206845
0.000008667496449705
0.000008573880118870
0.000008484191335938
0.000008398344880423
0.000008316259854306
0.000008237860690561
0.000008163077779442
0.000008091845775143
0.000008024105524103
0.000007959803063538
0.000007898888895109
0.000007841320040005
0.000007787057633229
0.000007736068133642
0.000007688324061162
0.000007643801499525
0.000007602483036652
0.000007564356126796
0.000007529412444947
0.000007497650841511
0.000007469073832833
0.000007443690011007
0.000007421514647109
0.000007402566641719
0.000007386873092169
0.000007374466377428
0.000007365384409512
0.000007359674345619
0.000007357387703304
0.000007358584933654
0.000007363335084450
0.000007371712819811
0.000007383804981253
0.000007399705650817
0.000007419518616275
0.000007443361236707
0.000007471358396741
0.000007503650371288
0.000007540390474099
0.000007581743615996
0.000007627894919001
0.000007679042391684
0.000007735403616742
0.000007797218765041
0.000007864744704383
0.000007938267426603
0.000008018096803323
0.000008104569540047
0.000008198059667946
0.000008298969758418
0.000008407744913581
0.000008524874115969
0.000008650888107539
0.000008786378267627
0.000008931989228897
0.000009088431832961
0.000009256496261548
0.000009437046416471
0.000009631047155293
0.000009839566012149
0.000010063784294971
0.000010305028052258
0.000010564765959921
0.000010844645982270
0.000011146519004039
0.000011472453385850
0.000011824793341771
0.000012206177868465
0.000012619595305699
0.000013068452731807
0.000013556615809352
0.000014088517973296
0.000014669242495972
0.000015304629537951
0.000016001446987964
0.000016767523655965
0.000017611981676037
0.000018545493468779
0.000019580561289726
0.000020731948666904
0.000022017116073429
0.000023456814883961
0.000025075847129894
0.000026903906341487
0.000028976747697372
0.000031337530581614
0.000034038444603347
0.000037142751984331
0.000040726950850419
0.000044883216719399
0.000049721596801390
0.000055371050843925
0.000061978035154899
0.000069699043134715
0.000078681826722088
0.000089026269288747
0.000100711885829767
0.000113480936430540
0.000126680917932963
0.000139119031670590
0.000149063774666179
0.000154574575454196
0.000154197717648691
0.000147688453269020
0.000136195988197809
0.000121726058616541
0.000106317419798580
0.000091482683029064
0.000078075846564657
0.000066425307015071
0.000056534171540597
0.000048243267919683
0.000041334196643365
0.000035584556348544
0.000030792704627487
0.000026786104243042
0.000023421670998457
0.000020582656223964
0.000018174634259744
0.000016121477181805
0.000014361793070672
0.000012846011097833
0.000011533949499750
0.000010392912219487
0.000009396187317990
0.000008521823936121
0.000007751715249970
0.000007070845230253
0.000006466692084075
0.000005928781690921
0.000005448295570547
0.000005017783137821
0.000004630927070375
0.000004282335173383
0.000003967400920286
0.000003682165676567
0.000003423213239575
0.000003187595124989
0.000002972745156906
0.000002776431563681
0.000002596706378934
0.000002431857323763
0.000002280385913121
0.000002140967831888
0.000002012432919718
0.000001893748536859
0.000001783992348671
0.000001682347843498
0.000001588085437834
0.000001500550687815
0.000001419161804521
0.000001343392136284
0.000001272770364600
0.000001206872563891
0.000001145312803755
0.000001087746234725
0.000001033857510951
0.000000983361112667
0.000000935999577843
0.000000891535165921
0.000000849754459042
0.000000810461095479
0.000000773474929857
0.000000738633610054
0.000000705785297834
0.000000674792916398
0.000000645530106145
0.000000617879241092
0.000000591734553099
0.000000566996097645
0.000000543572961389
0.000000521381502476
0.000000500342660910
0.000000480385539075
0.000000461442640218
0.000000443451982799
0.000000426356821469
0.000000410102688599
0.000000394640872423
0.000000379924761220
0.000000365911089406
0.000000352560533291
0.000000339834749517
0.000000327699567984
0.000000316122169227
0.000000305071732099
0.000000294520535944
0.000000284441065562
0.000000274808954283
0.000000265600730632
0.000000256794048416
0.000000248369151233
0.000000240305974298
0.000000232586947823
0.000000225195146624
0.000000218114145112
0.000000211329865213
0.000000204827556865
0.000000198594538030
0.000000192618721848
0.000000186888018212
0.000000181392669172
0.000000176122032441
0.000000171067242839
0.000000166220232670
0.000000161572546463
0.000000157118278338
0.000000152850702855
0.000000148764761265
0.000000144856819511
0.000000141122822448
0.000000137561953807
0.000000134173381724
0.000000130958533523
0.000000127922056696
0.000000125069570853
0.000000122412437004
0.000000119965464950
0.000000117749536940
0.000000115794962843
0.000000114139975692
0.000000112837468890
0.000000111954038019
0.000000111570103080
0.000000111776450583
0.000000112649793587
0.000000114211482927
0.000000116342356201
0.000000118675170783
0.000000120548187624
0.000000121148521335
0.000000119899425414
0.000000116801084431
0.000000112385425911
0.000000107363928617
0.000000102307578240
0.000000097549454495
0.000000093229539473
0.000000089368959838
0.000000085936053677
0.000000082877994157
0.000000080139262421
0.000000077671545709
0.000000075431106814
0.000000073383674363
0.000000071500866628
0.000000069758400426
0.000000068138895491
0.000000066625818051
0.000000065206959222
0.000000063872576275
0.000000062612743560
0.000000061421696883
0.000000060292497184
0.000000059219942131
0.000000058200622891
0.000000057229309358
0.000000056303998476
0.000000055421337828
0.000000054578348021
0.000000053774086470
0.000000053005157642
0.000000052270828780
0.000000051569475701
0.000000050898863213
0.000000050259166800
0.000000049647955241
0.000000049064865634
0.000000048509332360
0.000000047979398304
0.000000047475771268
0.000000046996720140
0.000000046541890521
0.000000046111468278
0.000000045703666149
0.000000045319410586
0.000000044957601001
0.000000044617759284
0.000000044300633875
0.000000044004644022
0.000000043730748642
0.000000043478465243
0.000000043247185159
0.000000043038075914
0.000000042849862752
0.000000042683437235
0.000000042538931973
0.000000042415686031
0.000000042315174277
0.000000042236554697
0.000000042180631629
0.000000042148148874
0.000000042138539757
0.000000042153518161
0.000000042192816458
0.000000042257220235
0.000000042348091881
0.000000042465170931
0.000000042610413471
0.000000042784290257
0.000000042987745991
0.000000043222814630
0.000000043489834381
0.000000043791126292
0.000000044128120538
0.000000044502251607
0.000000044916390811
0.000000045371897060
0.000000045871784136
0.000000046418803779
0.000000047015456885
0.000000047665862105
0.000000048373072926
0.000000049141498022
0.000000049975902571
0.000000050880887736
0.000000051862750034
0.000000052927457235
0.000000054082263575
0.000000055335407224
0.000000056695589492
0.000000058173376829
0.000000059780150649
0.000000061529125401
0.000000063435339303
0.000000065515883314
0.000000067790503558
0.000000070281757907
0.000000073016093155
0.000000076023610621
0.000000079340180221
0.000000083007284335
0.000000087073679602
0.000000091598164382
0.000000096648842639
0.000000102309329371
0.000000108679256653
0.000000115878719592
0.000000124057325952
0.000000133394823705
0.000000144117805292
0.000000156508178839
0.000000170917709896
0.000000187799821073
0.000000207725518301
0.000000231435574472
0.000000259889161582
0.000000294319681786
0.000000336337215113
0.000000387978143779
0.000000451762628797
0.000000530592030042
0.000000627214047198
0.000000742912879733
0.000000874479029182
0.000001009388931543
0.000001121644193998
0.000001175997470263
0.000001147523948613
0.000001042299077694
0.000000893621460543
0.000000737895952398
0.000000597699808575
0.000000481240216708
0.000000388296950488
0.000000315352811489
0.000000258339991419
0.000000213626700735
0.000000178317123267
0.000000150193554497
0.000000127576345512
0.000000109220318780
0.000000094183002921
0.000000081755665224
0.000000071403508857
0.000000062710189428
0.000000055359728745
0.000000049102839282
0.000000043742549847
0.000000039125974504
0.000000035126868664
0.000000031646135199
0.000000028602929274
0.000000025929505845
0.000000023572737118
0.000000021486419087
0.000000019632946959
0.000000017981523139
