-1.000000000000000000
-1.000000000000000000
-1.000000000000000000
-1.000000000000000000
-1.000000000000000000
-1.000000000000000000
-1.000000000000000000
-1.000000000000000000
-1.000000000000000000
-1.000000000000000000
-1.000000000000000000
-1.000000000000000000
-1.000000000000000000
-1.000000000000000000
-1.000000000000000000
0.784688494997006300
0.772229560902248300
0.759991915400448100
0.747972743140844900
0.736169224511894100
0.724578537773629100
0.713197861099199600
0.702024374525816800
0.691055261818653800
0.680287712248823100
0.669718922287652700
0.659346097218614500
0.649166452670296300
0.639177216070250500
0.629375628024638100
0.619758943622254000
0.610324433668157400
0.601069385846343800
0.591991105815453400
0.583086918237660300
0.574354167744200300
0.565790219838530100
0.557392461739654500
0.549158303166362900
0.541085177065933700
0.533170540287403700
0.525411874202509100
0.517806685274913800
0.510352505580522300
0.503046893279218700
0.495887433041526100
0.488871736429644150
0.481997442235780950
0.475262216779059600
0.468663754162376430
0.462199776490053200
0.455868034048959100
0.449666305452870000
0.443592397752810000
0.437644146513513470
0.431819415857813500
0.426116098479966600
0.420532115629136450
0.415065417063710000
0.409713980978229800
0.404475813902977100
0.399348950578366560
0.394331453803650760
0.389421414262434150
0.384616950324207450
0.379916207824315000
0.375317359821497000
0.370818606335468150
0.366418174063958800
0.362114316080459100
0.357905311513363700
0.353789465206976900
0.349765107365196200
0.345830593178405600
0.341984302434108050
0.338224639111888300
0.334550030963553500
0.330958929078351060
0.327449807434696040
0.324021162438027500
0.320671512446045900
0.317399397281605400
0.314203377733488900
0.311082035046196700
0.308033970398807800
0.305057804373869260
0.302152176416219500
0.299315744283385370
0.296547183487046060
0.293845186726940900
0.291208463317536300
0.288635738608231900
0.286125753397669270
0.283677263343198370
0.281289038365707340
0.278959862051178730
0.276688531049453100
0.274473854471068500
0.272314653283225350
0.270209759705444800
0.268158016606419750
0.266158276902435260
0.264209402958814300
0.262310265994878500
0.260459745494244700
0.258656728620671300
0.256900109641048400
0.255188789356424250
0.253521674542120160
0.251897677398087550
0.250315715010326730
0.248774708824552630
0.247273584133125600
0.245811269576154570
0.244386696657304900
0.242998799275643860
0.241646513274236250
0.240328776005479400
0.239044525914794700
0.237792702142276400
0.236572244142976200
0.235382091326488740
0.234221182715018100
0.233088456621136670
0.231982850343721740
0.230903299883300830
0.229848739674808980
0.228818102338777500
0.227810318448730180
0.226824316315184430
0.225859021784425740
0.224913358051478050
0.223986245485473270
0.223076601466742350
0.222183340233429280
0.221305372736674170
0.220441606502327000
0.219590945497769720
0.218752290001743300
0.217924536475987750
0.217106577436402850
0.216297301322213140
0.215495592361572200
0.214700330431742530
0.213910390912705600
0.213124644532270040
0.212341957202193450
0.211561189843651770
0.210781198201653500
0.210000832647615960
0.209218937970003100
0.208434353153153800
0.207645911144517600
0.206852438611375560
0.206052755688110600
0.205245675716298200
0.204430004979305160
0.203604542435112950
0.202768079450210660
0.201919399539889940
0.201057278119298940
0.200180482271685470
0.199287770541144300
0.198377892757819140
0.197449589904774430
0.196501594037838540
0.195532628270071030
0.194541406834803670
0.193526635243082170
0.192487010552853530
0.191421221769470270
0.190327950399934360
0.189205871185277600
0.188053653038326000
0.186869960217805160
0.185653453771881300
0.184402793288868050
0.183116638995592880
0.181793654248462670
0.180432508465866780
0.179031880554897770
0.177590462889201160
0.176106965899337780
0.174580123339588860
0.173008698299645570
0.171391490030966800
0.169727341659567500
0.168015148856808930
0.166253869537277530
0.164442534649256870
0.162580260114674270
0.160666259964414640
0.158699860698528600
0.156680516879535240
0.154607827937770060
0.152481556133175070
0.150301645573803400
0.148068242138518100
0.145781714090510660
0.143442673097466640
0.141051995296124670
0.138610841954699200
0.136120679197791250
0.133583296172061660
0.131000820947487720
0.128375733380526570
0.125710874115158520
0.123009448876865820
0.120275027230959410
0.117511535038881070
0.114723239960163810
0.111914729518789960
0.109090881478756470
0.106256826551155910
0.103417903771870240
0.100579609228642290
0.097747539157810660
0.094927328748317510
0.092124588258359000
0.089344838244168030
0.086593445801258950
0.083875563714474810
0.081196074301423730
0.078559539522459700
0.075970158634457360
0.073431734310068930
0.070947647756165270
0.068520842973880540
0.066153819935580420
0.063848636132853370
0.061606915690371720
0.059429865052472344
0.057318294133405190
0.055272641775631110
0.053293004373531950
0.051379166582432065
0.049530633131143350
0.047746660879022490
0.046026290393342450
0.044368376461091500
0.042771617082775940
0.041234580619218364
0.039755730872544935
0.038333449976890610
0.036966059053262744
0.035651836645950310
0.034389035006952570
0.033175894330784950
0.032010655067115150
0.030891568454562060
0.029816905427158760
0.028784964047446068
0.027794075617949925
0.026842609617377097
0.025928977599944540
0.025051636187132766
0.024209089270782202
0.023399889536121186
0.022622639402702215
0.021875991471089196
0.021158648553438394
0.020469363356976952
0.019806937881074346
0.019170222580797520
0.018558115342975755
0.017969560314471160
0.017403546616817460
0.016859106976325713
0.016335316294525663
0.015831290179767848
0.015346183457662787
0.014879188674896203
0.014429534608593030
0.013996484791072420
0.013579336058049122
0.013177417126682807
0.012790087208449194
0.012416734660743334
0.012056775680021222
0.011709653038516161
0.011374834865850763
0.011051813476272560
0.010740104241762383
0.010439244510876473
0.010148792572843303
0.009868326666206542
0.009597444031047360
0.009335760003717511
0.009082907152857340
0.008838534455377965
0.008602306511052697
0.008373902794285900
0.008153016941649965
0.007939356073709287
0.007732640149743330
0.007532601353901909
0.007338983511433654
0.007151541533596896
0.006970040889938794
0.006794257106645998
0.006623975289715631
0.006458989671751352
0.006299103181215432
0.006144127033030387
0.005993880339458798
0.005848189740240371
0.005706889051005241
0.005569818929040958
0.005436826555506129
0.005307765333259107
0.005182494599482015
0.005060879352333093
0.004942789990899433
0.004828102067752460
0.004716696053446118
0.004608457112323030
0.004503274889045150
0.004401043305272052
0.004301660365948565
0.004205027974705814
0.004111051757868282
0.004019640896626568
0.003930707966933215
0.003844168786700676
0.003759942269916702
0.003677950287299771
0.003598117533141470
0.003520371397994836
0.003444641846897514
0.003370861302818560
0.003298964535041537
0.003228888552221897
0.003160572499843363
0.003093957561843679
0.003028986866172378
0.002965605394061938
0.002903759892816945
0.002843398791918316
0.002784472122281071
0.002726931438492596
0.002670729743892728
0.002615821418364140
0.002562162148720198
0.002509708861607543
0.002458419658846077
0.002408253755177635
0.002359171418404883
0.002311133911953597
0.002264103439925219
0.002218043094760645
0.002172916807696515
0.002128689302263017
0.002085326051165084
0.002042793236983222
0.002001057717256361
0.001960086994662511
0.001919849193173970
0.001880313041290066
0.001841447863689058
0.001803223582946006
0.001765610733310303
0.001728580488958050
0.001692104709617439
0.001656156007036358
0.001620707836418935
0.001585734617702660
0.001551211892396670
0.001517116522629371
0.001483426940067494
0.001450123453400204
0.001417188624128906
0.001384607721305358
0.001352369266559054
0.001320465680985492
0.001288894044986078
0.001257656980580536
0.001226763662531429
0.001196230959214929
0.001166084695766470
0.001136361019745756
0.001107107832505128
0.001078386226793372
0.001050271842450409
0.001022856017607926
0.000996246574105398
0.000970568036177711
0.000945961046671229
0.000922580723771495
0.000900593704998901
0.000880173667397589
0.000861495206166874
0.000844726106691697
0.000830018255421277
0.000817497686549708
0.000807254518763995
0.000799333747422145
0.000793727962169842
0.000790373005487015
0.000789147347932771
0.000789875547363093
0.000792335645451035
0.000796269833918962
0.000801397302551324
0.000807427946379982
0.000814075598437981
0.000821069649797361
0.000828164257926565
0.000835144743375305
0.000841831152658169
0.000848079263706282
0.000853779501501191
0.000858854315540118
0.000863254566801959
0.000866955407873297
0.000869952043993123
0.000872255658016191
0.000873889684461243
0.000874886535698261
0.000875284820178472
0.000875127047968245
0.000874457790171810
0.000873322242778271
0.000871765138658008
0.000869829950907833
0.000867558334143381
0.000864989755872330
0.000862161276540766
0.000859107443395320
0.000855860269484984
0.000852449274655851
0.000848901570183334
0.000845241972718915
0.000841493136556434
0.000837675695925815
0.000833808411165600
0.000829908314329379
0.000825990851098406
0.000822070016884114
0.000818158485770716
0.000814267731523614
0.000810408140313229
0.000806589115103340
0.000802819171869166
0.000799106027958158
0.000795456682997694
0.000791877492809616
0.000788374236819935
0.000784952179459265
0.000781616126044130
0.000778370473610974
0.000775219257150494
0.000772166191671072
0.000769214710484108
0.000766368000077350
0.000763629031914251
0.000761000591473204
0.000758485304808663
0.000756085662892749
0.000753804043975508
0.000751642734182317
0.000749603946543067
0.000747689838628765
0.000745902528966527
0.000744244112377956
0.000742716674377371
0.000741322304753333
0.000740063110452420
0.000738941227868189
0.000737958834630482
0.000737118160986536
0.000736421500861494
0.000735871222674798
0.000735469779983308
0.000735219722028477
0.000735123704257132
0.000735184498875222
0.000735405005502027
0.000735788261992588
0.000736337455487687
0.000737055933753275
0.000737947216870855
0.000739015009353847
0.000740263212745793
0.000741695938768311
0.000743317523095077
0.000745132539829497
0.000747145816752915
0.000749362451429610
0.000751787828263355
0.000754427636595800
0.000757287889938083
0.000760374946451315
0.000763695530798061
0.000767256757482000
0.000771066155807293
0.000775131696617437
0.000779461820977152
0.000784065470958034
0.000788952122725347
0.000794131822146996
0.000799615223148087
0.000805413629051494
0.000811539037191300
0.000818004187116045
0.000824822612694944
0.000832008698497749
0.000839577740869315
0.000847546014148607
0.000855930842507520
0.000864750677967134
0.000874025185217203
0.000883775333896314
0.000894023499062358
0.000904793570706496
0.000916111073233703
0.000928003295909003
0.000940499435401132
0.000953630751719966
0.000967430738943699
0.000981935312271874
0.000997183013175667
0.001013215234615906
0.001030076468466240
0.001047814577550289
0.001066481095034484
0.001086131554193734
0.001106825851854322
0.001128628649278585
0.001151609814697367
0.001175844912084022
0.001201415741269313
0.001228410935142615
0.001256926620236201
0.001287067147539604
0.001318945901107917
0.001352686192766630
0.001388422251765497
0.001426300318787349
0.001466479854349427
0.001509134871944295
0.001554455406133124
0.001602649125443864
0.001653943098978592
0.001708585723449934
0.001766848813848465
0.001829029855763581
0.001895454409415203
0.001966478643467399
0.002042491959885451
0.002123919647582786
0.002211225469328290
0.002304914040422212
0.002405532795478810
0.002513673255366547
0.002629971192978177
0.002755105146826098
0.002889792536561983
0.003034782383508664
0.003190843323450857
0.003358745214021332
0.003539232187688797
0.003732984503046208
0.003940566053919447
0.004162354008901174
0.004398446947127168
0.004648548309244916
0.004911823405640772
0.005186731151176509
0.005470836725727027
0.005760618988911190
0.006051296758564936
0.006336710083307418
0.006609303926560871
0.006860267811574655
0.007079879931679838
0.007258082074638141
0.007385269818858626
0.007453225354316580
0.007456061883387337
0.007391010104563025
0.007258879632038567
0.007064080858302381
0.006814185661095697
0.006519109769963882
0.006190079823795699
0.005838578175168537
0.005475433856006702
0.005110165639199205
0.004750609951860040
0.004402806287817054
0.004071077793065227
0.003758234795375795
0.003465836806191048
0.003194464810806147
0.002943973286731155
0.002713706240353620
0.002502672160474966
0.002309679335453186
0.002133436373649181
0.001972624024830234
0.001825944385610816
0.001692152914342794
0.001570077778632530
0.001458630132536346
0.001356808085470646
0.001263696429250967
0.001178463633977418
0.001100357191076358
0.001028698057611244
0.000962874719177300
0.000902337214683430
0.000846591340895063
0.000795193169297846
0.000747743948999852
0.000703885426988433
0.000663295590161131
0.000625684818490678
0.000590792427789368
0.000558383573369107
0.000528246484730656
0.000500190001862417
0.000474041382825901
0.000449644353778197
0.000426857376327725
0.000405552108658453
0.000385612037694639
0.000366931263047291
0.000349413416328487
0.000332970699695077
0.000317523029197478
0.000302997271713064
0.000289326564937884
0.000276449709895093
0.000264310627848132
0.000252857875160930
0.000242044208916324
0.000231826196968417
0.000222163868341155
0.000213020399663329
0.000204361832683938
0.000196156819744140
0.000188376395011618
0.000180993768018134
0.000173984136595866
0.000167324518092751
0.000160993597025972
0.000154971586486650
0.000149240102266992
0.000143782049206442
0.000138581517743829
0.000133623689223051
0.000128894750072681
0.000124381813940661
0.000120072850030919
0.000115956617564733
0.000112022606516007
0.000108260983140651
0.000104662539538240
0.000101218647920313
0.000097921218953613
0.000094762662839254
0.000091735853556211
0.000088834096633549
0.000086051099132163
0.000083380941480242
0.000080818052102522
0.000078357184220238
0.000075993393705455
0.000073722018751043
0.000071538661726438
0.000069439171910538
0.000067419629059579
0.000065476328872729
0.000063605769604428
0.000061804638877815
0.000060069801720434
0.000058398290072755
0.000056787292422366
0.000055234143820017
0.000053736317369920
0.000052291416241894
0.000050897165446607
0.000049551404612467
0.000048252081803326
0.000046997246995851
0.000045785045788730
0.000044613714379245
0.000043481574618863
0.000042387028627900
0.000041328554383369
0.000040304702027771
0.000039314089529510
0.000038355398604641
0.000037427371784405
0.000036528809201032
0.000035658564883675
0.000034815544092946
0.000033998701082927
0.000033207036013108
0.000032439592266364
0.000031695454800272
0.000030973747897076
0.000030273632497303
0.000029594304670173
0.000028934994203163
0.000028294962235854
0.000027673499522730
0.000027069925580193
0.000026483586949784
0.000025913855229976
0.000025360126330598
0.000024821819510390
0.000024298375460911
0.000023789255292371
0.000023293940196015
0.000022811930007220
0.000022342741844320
0.000021885910030202
0.000021440985475957
0.000021007534286285
0.000020585137617110
0.000020173392010477
0.000019771908621264
0.000019380313077885
0.000018998246811488
0.000018625367816214
0.000018261351325920
0.000017905892562315
0.000017558710340972
0.000017219550553523
0.000016888192035355
0.000016564455427759
0.000016248213349386
0.000015939403658666
0.000015638048365393
0.000015344277034003
0.000015058354814763
0.000014780718026874
0.000014512016296588
0.000014253157059011
0.000014005349241953
0.000013770137550776
0.000013549408171236
0.000013345341063562
0.000013160279150551
0.000012996480246867
0.000012855733023686
0.000012738863683321
0.000012645224653749
0.000012572323818094
0.000012515782686305
0.000012469744556573
0.000012427685348523
0.000012383401256795
0.000012331869999866
0.000012269750713203
0.000012195456053295
0.000012108893142272
0.000012011040581386
0.000011903508376034
0.000011788172272925
0.000011666918129559
0.000011541488252140
0.000011413404273795
0.000011283943903650
0.000011154150534156
0.000011024856805007
0.000010896713692766
0.000010770222275970
0.000010645762283226
0.000010523614985375
0.000010403983933832
0.000010287012986119
0.000010172798694391
0.000010061400269171
0.000009952849566001
0.000009847157681544
0.000009744318666803
0.000009644314513420
0.000009547119363386
0.000009452700477040
0.000009361019943003
0.000009272037826466
0.000009185712613213
0.000009102000809383
0.000009020859083791
0.000008942245303201
0.000008866117168671
0.000008792433003382
0.000008721153524245
0.000008652240660492
0.000008585656876947
0.000008521367110747
0.000008459338623451
0.000008399539289082
0.000008341938844012
0.000008286510018646
0.000008233226678306
0.000008182063758741
0.000008132999225949
0.000008086013041568
0.000008041085753311
0.000007998200357630
0.000007957342684537
0.000007918499279888
0.000007881658228795
0.000007846810868026
0.000007813949990117
0.000007783069147940
0.000007754164928272
0.000007727236412890
0.000007702283220718
0.000007679307251219
0.000007658313774759
0.000007639309123614
0.000007622301013474
0.000007607300850753
0.000007594322223035
0.000007583379562038
0.000007574490631383
0.000007567676658343
0.000007562959922201
0.000007560365238702
0.000007559921830889
0.000007561661010452
0.000007565615900873
0.000007571824304839
0.000007580327696753
0.000007591169257610
0.000007604396468353
0.000007620062091891
0.000007638221449698
0.000007658933533086
0.000007682263747822
0.000007708281830772
0.000007737060934862
0.000007768681054478
0.000007803228806314
0.000007840794930646
0.000007881476932684
0.000007925381177124
0.000007972620109202
0.000008023312962807
0.000008077589576751
0.000008135588948948
0.000008197457776242
0.000008263354570237
0.000008333450721671
0.000008407927767994
0.000008486980208116
0.000008570819243260
0.000008659670507412
0.000008753774603176
0.000008853392530311
0.000008958805724977
0.000009070314547495
0.000009188243676244
0.000009312945589080
0.000009444798538414
0.000009584210307991
0.000009731625020752
0.000009887522948393
0.000010052422074029
0.000010226886907306
0.000010411532393979
0.000010607024372747
0.000010814088592531
0.000011033520032125
0.000011266184970871
0.000011513029083721
0.000011775092122185
0.000012053515293865
0.000012349549188343
0.000012664572836066
0.000013000110109155
0.000013357840924844
0.000013739624117853
0.000014147525915744
0.000014583840724353
0.000015051119667728
0.000015552213760047
0.000016090313117018
0.000016668987772960
0.000017292249569945
0.000017964621112693
0.000018691202602785
0.000019477761587934
0.000020330846651902
0.000021257903559127
0.000022267412772913
0.000023369070167695
0.000024573988042384
0.000025894917688058
0.000027346532295019
0.000028945761785996
0.000030712156982099
0.000032668321460196
0.000034840427130278
0.000037258764902960
0.000039958328825856
0.000042979449327799
0.000046368372948329
0.000050177643542445
0.000054466152824244
0.000059298525885827
0.000064743227176442
0.000070868603539000
0.000077735697850959
0.000085386037186424
0.000093822313484214
0.000102980174429017
0.000112690625732047
0.000122636583567380
0.000132315355778417
0.000141029729908282
0.000147938031018635
0.000152185905792008
0.000153106907048771
0.000150424049816425
0.000144354085313961
0.000135552942452868
0.000124928704811123
0.000113416791098698
0.000101809534561147
0.000090677885893959
0.000080370732658584
0.000071056781686693
0.000062778394775139
0.000055499632187694
0.000049142218084479
0.000043609684523900
0.000038802124432881
0.000034624296240014
0.000030989560558467
0.000027821357998898
0.000025053222495803
0.000022628062231887
0.000020497189903544
0.000018619254894447
0.000016959174094459
0.000015487193841903
0.000014178081470256
0.000013010393820092
0.000011965862804926
0.000011028906268399
0.000010186197853753
0.000009426295068041
0.000008739354578708
0.000008116892113795
0.000007551561280135
0.000007036983165385
0.000006567614343285
0.000006138617350952
0.000005745753164118
0.000005385306907759
0.000005054014574884
0.000004748992334755
0.000004467691130025
0.000004207857432542
0.000003967486790952
0.000003744792209053
0.000003538184138156
0.000003346241656156
0.000003167687912277
0.000003001379411693
0.000002846290268261
0.000002701492668054
0.000002566149299436
0.000002439506571150
0.000002320880069396
0.000002209647106037
0.000002105245002990
0.000002007161802580
0.000001914928251756
0.000001828117840207
0.000001746342409993
0.000001669244304207
0.000001596495883699
0.000001527798875576
0.000001462877888977
0.000001401478394331
0.000001343368143024
0.000001288332985376
0.000001236173416015
0.000001186706372349
0.000001139763604847
0.000001095187611829
0.000001052832575833
0.000001012564830951
0.000000974259227348
0.000000937798664774
0.000000903075727843
0.000000869990282973
0.000000838447753124
0.000000808360886948
0.000000779648899862
0.000000752235098052
0.000000726047984249
0.000000701021739493
0.000000677093946248
