-1.000000000000000000
-1.000000000000000000
-1.000000000000000000
-1.000000000000000000
-1.000000000000000000
-1.000000000000000000
-1.000000000000000000
-1.000000000000000000
-1.000000000000000000
-1.000000000000000000
-1.000000000000000000
-1.000000000000000000
-1.000000000000000000
-1.000000000000000000
-1.000000000000000000
0.784688494997006300
0.772229560902248300
0.759991915400448100
0.747972743140844900
0.736169224511894100
0.724578537773629100
0.713197861099199600
0.702024374525816800
0.691055261818654400
0.680287712248823100
0.669718922287652700
0.659346097218614500
0.649166452670296300
0.639177216070250500
0.629375628024638100
0.619758943622254000
0.610324433668157400
0.601069385846343800
0.591991105815453400
0.583086918237660300
0.574354167744200300
0.565790219838530100
0.557392461739654500
0.549158303166362900
0.541085177065933700
0.533170540287403700
0.525411874202509100
0.517806685274913800
0.510352505580522300
0.503046893279218700
0.495887433041526100
0.488871736429644150
0.481997442235780950
0.475262216779059600
0.468663754162376430
0.462199776490053200
0.455868034048959100
0.449666305452870000
0.443592397752810000
0.437644146513513470
0.431819415857813500
0.426116098479966600
0.420532115629136450
0.415065417063710000
0.409713980978229800
0.404475813902977100
0.399348950578366560
0.394331453803650760
0.389421414262434150
0.384616950324207450
0.379916207824315000
0.375317359821497000
0.370818606335468150
0.366418174063958800
0.362114316080459100
0.357905311513363700
0.353789465206976900
0.349765107365196200
0.345830593178405600
0.341984302434108050
0.338224639111888300
0.334550030963553500
0.330958929078351060
0.327449807434696040
0.324021162438027500
0.320671512446045900
0.317399397281605400
0.314203377733488900
0.311082035046196700
0.308033970398807800
0.305057804373869260
0.302152176416219500
0.299315744283385370
0.296547183487046060
0.293845186726940900
0.291208463317536300
0.288635738608231900
0.286125753397669270
0.283677263343198370
0.281289038365707340
0.278959862051178730
0.276688531049453100
0.274473854471068500
0.272314653283225350
0.270209759705444800
0.268158016606419750
0.266158276902435260
0.264209402958814300
0.262310265994878500
0.260459745494244700
0.258656728620671300
0.256900109641048400
0.255188789356424250
0.253521674542120160
0.251897677398087550
0.250315715010326730
0.248774708824552630
0.247273584133125600
0.245811269576154570
0.244386696657304900
0.242998799275643860
0.241646513274236250
0.240328776005479400
0.239044525914794700
0.237792702142276400
0.236572244142976200
0.235382091326488740
0.234221182715018100
0.233088456621136670
0.231982850343721740
0.230903299883300830
0.229848739674808980
0.228818102338777500
0.227810318448730180
0.226824316315184430
0.225859021784425740
0.224913358051478050
0.223986245485473270
0.223076601466742350
0.222183340233429280
0.221305372736674170
0.220441606502327000
0.219590945497769720
0.218752290001743300
0.217924536475987750
0.217106577436402850
0.216297301322213140
0.215495592361572200
0.214700330431742530
0.213910390912705600
0.213124644532270040
0.212341957202193450
0.211561189843651770
0.210781198201653500
0.210000832647615960
0.209218937970003100
0.208434353153153800
0.207645911144517600
0.206852438611375560
0.206052755688110600
0.205245675716298200
0.204430004979305160
0.203604542435112950
0.202768079450210660
0.201919399539889940
0.201057278119298940
0.200180482271685470
0.199287770541144300
0.198377892757819140
0.197449589904774430
0.196501594037838540
0.195532628270071030
0.194541406834803670
0.193526635243082170
0.192487010552853530
0.191421221769470270
0.190327950399934360
0.189205871185277600
0.188053653038326000
0.186869960217805160
0.185653453771881300
0.184402793288868050
0.183116638995592880
0.181793654248462670
0.180432508465866780
0.179031880554897770
0.177590462889201160
0.176106965899337780
0.174580123339588860
0.173008698299645570
0.171391490030966800
0.169727341659567500
0.168015148856808930
0.166253869537277530
0.164442534649256870
0.162580260114674270
0.160666259964414640
0.158699860698528600
0.156680516879535240
0.154607827937770060
0.152481556133175070
0.150301645573803400
0.148068242138518100
0.145781714090510660
0.143442673097466640
0.141051995296124670
0.138610841954699200
0.136120679197791250
0.133583296172061660
0.131000820947487720
0.128375733380526570
0.125710874115158520
0.123009448876865820
0.120275027230959410
0.117511535038881070
0.114723239960163810
0.111914729518789960
0.109090881478756470
0.106256826551155910
0.103417903771870240
0.100579609228642290
0.097747539157810660
0.094927328748317510
0.092124588258359000
0.089344838244168030
0.086593445801258950
0.083875563714474810
0.081196074301423730
0.078559539522459700
0.075970158634457360
0.073431734310068930
0.070947647756165270
0.068520842973880540
0.066153819935580420
0.063848636132853370
0.061606915690371720
0.059429865052472344
0.057318294133405710
0.055272641775631110
0.053293004373531950
0.051379166582432065
0.049530633131143350
0.047746660879022490
0.046026290393342176
0.044368376461091500
0.042771617082775940
0.041234580619218364
0.039755730872544935
0.038333449976890610
0.036966059053262744
0.035651836645950310
0.034389035006952570
0.033175894330784950
0.032010655067115150
0.030891568454562060
0.029816905427158760
0.028784964047446068
0.027794075617949637
0.026842609617377097
0.025928977599944540
0.025051636187132766
0.024209089270782202
0.023399889536121186
0.022622639402702215
0.021875991471089196
0.021158648553438394
0.020469363356976952
0.019806937881074346
0.019170222580797520
0.018558115342975755
0.017969560314471160
0.017403546616817460
0.016859106976325713
0.016335316294525663
0.015831290179767848
0.015346183457662787
0.014879188674896203
0.014429534608593030
0.013996484791072420
0.013579336058049101
0.013177417126682807
0.012790087208449144
0.012416734660743488
0.012056775680021250
0.011709653038516161
0.011374834865850763
0.011051813476272560
0.010740104241762383
0.010439244510876473
0.010148792572843303
0.009868326666206542
0.009597444031047360
0.009335760003717457
0.009082907152857340
0.008838534455377965
0.008602306511052697
0.008373902794285900
0.008153016941650026
0.007939356073709287
0.007732640149743363
0.007532601353901909
0.007338983511433654
0.007151541533596891
0.006970040889938794
0.006794257106645998
0.006623975289715631
0.006458989671751352
0.006299103181215432
0.006144127033030387
0.005993880339458798
0.005848189740240371
0.005706889051005241
0.005569818929040958
0.005436826555506129
0.005307765333259133
0.005182494599482015
0.005060879352333093
0.004942789990899429
0.004828102067752460
0.004716696053446072
0.004608457112323027
0.004503274889045145
0.004401043305272009
0.004301660365948565
0.004205027974705814
0.004111051757868282
0.004019640896626570
0.003930707966933215
0.003844168786700676
0.003759942269916716
0.003677950287299771
0.003598117533141490
0.003520371397994841
0.003444641846897477
0.003370861302818553
0.003298964535041536
0.003228888552221897
0.003160572499843376
0.003093957561843690
0.003028986866172377
0.002965605394061938
0.002903759892816930
0.002843398791918346
0.002784472122281082
0.002726931438492594
0.002670729743892728
0.002615821418364152
0.002562162148720225
0.002509708861607537
0.002458419658846049
0.002408253755177623
0.002359171418404909
0.002311133911953602
0.002264103439925213
0.002218043094760639
0.002172916807696515
0.002128689302263026
0.002085326051165078
0.002042793236983218
0.002001057717256342
0.001960086994662500
0.001919849193173970
0.001880313041290054
0.001841447863689058
0.001803223582946002
0.001765610733310311
0.001728580488958047
0.001692104709617446
0.001656156007036362
0.001620707836418940
0.001585734617702641
0.001551211892396670
0.001517116522629370
0.001483426940067483
0.001450123453400193
0.001417188624128905
0.001384607721305379
0.001352369266559032
0.001320465680985500
0.001288894044986082
0.001257656980580539
0.001226763662531413
0.001196230959214929
0.001166084695766459
0.001136361019745756
0.001107107832505128
0.001078386226793366
0.001050271842450413
0.001022856017607918
0.000996246574105394
0.000970568036177718
0.000945961046671217
0.000922580723771489
0.000900593704998904
0.000880173667397589
0.000861495206166876
0.000844726106691680
0.000830018255421277
0.000817497686549704
0.000807254518763991
0.000799333747422142
0.000793727962169859
0.000790373005487005
0.000789147347932759
0.000789875547363099
0.000792335645451034
0.000796269833918954
0.000801397302551308
0.000807427946379999
0.000814075598437983
0.000821069649797350
0.000828164257926571
0.000835144743375337
0.000841831152658167
0.000848079263706247
0.000853779501501171
0.000858854315540143
0.000863254566801946
0.000866955407873279
0.000869952043993146
0.000872255658016217
0.000873889684461222
0.000874886535698235
0.000875284820178509
0.000875127047968266
0.000874457790171767
0.000873322242778259
0.000871765138658035
0.000869829950907843
0.000867558334143353
0.000864989755872341
0.000862161276540794
0.000859107443395305
0.000855860269484934
0.000852449274655863
0.000848901570183374
0.000845241972718892
0.000841493136556397
0.000837675695925861
0.000833808411165621
0.000829908314329322
0.000825990851098369
0.000822070016884184
0.000818158485770716
0.000814267731523530
0.000810408140313230
0.000806589115103406
0.000802819171869120
0.000799106027958079
0.000795456682997763
0.000791877492809683
0.000788374236819858
0.000784952179459229
0.000781616126044218
0.000778370473611011
0.000775219257150354
0.000772166191671073
0.000769214710484237
0.000766368000077321
0.000763629031914120
0.000761000591473267
0.000758485304808790
0.000756085662892631
0.000753804043975409
0.000751642734182466
0.000749603946543130
0.000747689838628589
0.000745902528966499
0.000744244112378158
0.000742716674377327
0.000741322304753123
0.000740063110452527
0.000738941227868395
0.000737958834630313
0.000737118160986378
0.000736421500861738
0.000735871222674885
0.000735469779983032
0.000735219722028428
0.000735123704257456
0.000735184498875147
0.000735405005501698
0.000735788261992756
0.000736337455487999
0.000737055933752982
0.000737947216870625
0.000739015009354233
0.000740263212745929
0.000741695938767855
0.000743317523095073
0.000745132539830010
0.000747145816752754
0.000749362451429124
0.000751787828263705
0.000754427636596216
0.000757287889937574
0.000760374946451023
0.000763695530798707
0.000767256757482096
0.000771066155806565
0.000775131696617577
0.000779461820977913
0.000784065470957602
0.000788952122724681
0.000794131822147671
0.000799615223148578
0.000805413629050579
0.000811539037191080
0.000818004187117120
0.000824822612694805
0.000832008698496635
0.000839577740869866
0.000847546014149629
0.000855930842506562
0.000864750677966371
0.000874025185218525
0.000883775333896650
0.000894023499060833
0.000904793570706701
0.000916111073235342
0.000928003295908172
0.000940499435399657
0.000953630751721375
0.000967430738944774
0.000981935312269915
0.000997183013175244
0.001013215234618185
0.001030076468465838
0.001047814577547922
0.001066481095035801
0.001086131554195788
0.001106825851852078
0.001128628649277202
0.001151609814700327
0.001175844912084402
0.001201415741265915
0.001228410935143483
0.001256926620239550
0.001287067147537327
0.001318945901105115
0.001352686192770212
0.001388422251767135
0.001426300318782770
0.001466479854349445
0.001509134871949300
0.001554455406131157
0.001602649125439154
0.001653943098982602
0.001708585723453542
0.001766848813842635
0.001829029855761973
0.001895454409422274
0.001966478643466384
0.002042491959878141
0.002123919647586855
0.002211225469334779
0.002304914040415171
0.002405532795474411
0.002513673255376026
0.002629971192979280
0.002755105146815227
0.002889792536565018
0.003034782383519474
0.003190843323443294
0.003358745214012383
0.003539232187700570
0.003732984503051668
0.003940566053904412
0.004162354008900753
0.004398446947143904
0.004648548309239353
0.004911823405624356
0.005186731151188313
0.005470836725741094
0.005760618988893716
0.006051296758555267
0.006336710083329581
0.006609303926564802
0.006860267811549574
0.007079879931682690
0.007258082074664537
0.007385269818848226
0.007453225354290717
0.007456061883405010
0.007391010104586144
0.007258879632013550
0.007064080858284656
0.006814185661126995
0.006519109769973657
0.006190079823759955
0.005838578175168925
0.005475433856043557
0.005110165639186952
0.004750609951826388
0.004402806287841130
0.004071077793090942
0.003758234795342228
0.003465836806177645
0.003194464810844913
0.002943973286729502
0.002713706240315529
0.002502672160491709
0.002309679335484249
0.002133436373619851
0.001972624024811463
0.001825944385647701
0.001692152914345891
0.001570077778594577
0.001458630132549497
0.001356808085502634
0.001263696429224070
0.001178463633957413
0.001100357191111811
0.001028698057615484
0.000962874719140188
0.000902337214695698
0.000846591340926488
0.000795193169271537
0.000747743948980431
0.000703885427023430
0.000663295590164599
0.000625684818454184
0.000590792427802596
0.000558383573399455
0.000528246484703456
0.000500190001844636
0.000474041382861355
0.000449644353779505
0.000426857376291618
0.000405552108674029
0.000385612037723510
0.000366931263018095
0.000349413416313288
0.000332970699731566
0.000317523029195446
0.000302997271677360
0.000289326564956926
0.000276449709921878
0.000264310627816150
0.000252857875149319
0.000242044208954103
0.000231826196961902
0.000222163868306248
0.000213020399686794
0.000204361832707751
0.000196156819708904
0.000188376395004770
0.000180993768057036
0.000173984136583750
0.000167324518059416
0.000160993597054584
0.000154971586506244
0.000149240102228425
0.000143782049205698
0.000138581517783202
0.000133623689204286
0.000128894750042188
0.000124381813974824
0.000120072850044735
0.000115956617523256
0.000112022606522780
0.000108260983179254
0.000104662539511988
0.000101218647894419
0.000097921218993263
0.000094762662845475
0.000091735853512887
0.000088834096649184
0.000086051099168152
0.000083380941446095
0.000080818052083408
0.000078357184264611
0.000075993393702181
0.000073722018707701
0.000071538661751962
0.000069439171941425
0.000067419629017805
0.000065476328862881
0.000063605769651909
0.000061804638863299
0.000060069801679728
0.000058398290108571
0.000056787292445132
0.000055234143771816
0.000053736317371871
0.000052291416289842
0.000050897165419615
0.000049551404577847
0.000048252081848862
0.000046997247007172
0.000045785045736516
0.000044613714395168
0.000043481574663561
0.000042387028588168
0.000041328554358891
0.000040304702081096
0.000039314089526190
0.000038355398552180
0.000037427371815602
0.000036528809237806
0.000035658564832393
0.000034815544082855
0.000033998701140463
0.000033207035992656
0.000032439592218779
0.000031695454846547
0.000030973747920680
0.000030273632437565
0.000029594304678260
0.000028934994259586
0.000028294962197234
0.000027673499486157
0.000027069925639236
0.000026483586955072
0.000025913855167042
0.000025360126359328
0.000024821819558834
0.000024298375405358
0.000023789255273300
0.000023293940262929
0.000022811929990136
0.000022342741785560
0.000021885910079702
0.000021440985508655
0.000021007534218003
0.000020585137621299
0.000020173392077648
0.000019771908580060
0.000019380313032227
0.000018998246878578
0.000018625367825634
0.000018261351252463
0.000017905892593377
0.000017558710398483
0.000017219550490023
0.000016888192012134
0.000016564455505261
0.000016248213329830
0.000015939403590761
0.000015638048423223
0.000015344277070692
0.000015058354735383
0.000014780718034145
0.000014512016373231
0.000014253157008395
0.000014005349192571
0.000013770137630277
0.000013549408176386
0.000013345340979594
0.000013160279193228
0.000012996480308231
0.000012855732944838
0.000012738863665722
0.000012645224744805
0.000012572323783835
0.000012515782612235
0.000012469744634369
0.000012427685380363
0.000012383401158406
0.000012331870023112
0.000012269750801279
0.000012195455979385
0.000012108893093733
0.000012011040684738
0.000011903508367156
0.000011788172172145
0.000011666918195886
0.000011541488317459
0.000011413404168834
0.000011283943896770
0.000011154150645256
0.000011024856748522
0.000010896713611704
0.000010770222380079
0.000010645762306194
0.000010523614865938
0.000010403983979122
0.000010287013081904
0.000010172798592924
0.000010061400230022
0.000009952849692189
0.000009847157648459
0.000009744318557174
0.000009644314610789
0.000009547119418755
0.000009452700345446
0.000009361019963050
0.000009272037949162
0.000009185712521197
0.000009102000737783
0.000009020859219609
0.000008942245296912
0.000008866117033600
0.000008792433088948
0.000008721153612079
0.000008652240521492
0.000008585656868849
0.000008521367257584
0.000008459338545298
0.000008399539185009
0.000008341938985289
0.000008286510041688
0.000008233226520211
0.000008182063828640
0.000008132999346307
0.000008086012898778
0.000008041085714802
0.000007998200526592
0.000007957342623628
0.000007918499143141
0.000007881658372475
0.000007846810922508
0.000007813949810539
0.000007783069199212
0.000007754165081609
0.000007727236268797
0.000007702283149738
0.000007679307441324
0.000007658313733699
0.000007639308953355
0.000007622301157651
0.000007607300938809
0.000007594322022303
0.000007583379592364
0.000007574490819062
0.000007567676514257
0.000007562959816404
0.000007560365450373
0.000007559921811790
0.000007561660804646
0.000007565616044848
0.000007571824429176
0.000007580327473588
0.000007591169264995
0.000007604396693252
0.000007620061947887
0.000007638221305844
0.000007658933768580
0.000007682263752660
0.000007708281585499
0.000007737061079199
0.000007768681219064
0.000007803228557331
0.000007840794913013
0.000007881477199998
0.000007925381031973
0.000007972619922358
0.000008023313226820
0.000008077589607849
0.000008135588657451
0.000008197457922870
0.000008263354781274
0.000008333450440631
0.000008407927722597
0.000008486980526542
0.000008570819094290
0.000008659670269714
0.000008753774903789
0.000008853392591084
0.000008958805376113
0.000009070314699876
0.000009188243943787
0.000009312945265657
0.000009444798460825
0.000009584210691794
0.000009731624863664
0.000009887522646848
0.000010052422424355
0.000010226887003702
0.000010411531969416
0.000010607024536051
0.000010814088933592
0.000011033519649690
0.000011266184852834
0.000011513029556668
0.000011775091950978
0.000012053514905817
0.000012349549609534
0.000012664572979917
0.000013000109577681
0.000013357841105685
0.000013739624563267
0.000014147525447248
0.000014583840548311
0.000015051120271512
0.000015552213568135
0.000016090312599358
0.000016668988299812
0.000017292249788352
0.000017964620417414
0.000018691202806042
0.000019477762199999
0.000020330846052475
0.000021257903281266
0.000022267413587110
0.000023369069956210
0.000024573987301394
0.000025894918377737
0.000027346532662826
0.000028945760812799
0.000030712157189387
0.000032668322386572
0.000034840426331382
0.000037258764386875
0.000039958330016475
0.000042979449163184
0.000046368371740318
0.000050177644457307
0.000054466153608106
0.000059298524402115
0.000064743227184224
0.000070868605189202
0.000077735696887836
0.000085386035886499
0.000093822315289397
0.000102980174900755
0.000112690623462878
0.000122636584210537
0.000132315357967285
0.000141029728156455
0.000147938029465072
0.000152185908337678
0.000153106907563399
0.000150424047020829
0.000144354085972132
0.000135552944878800
0.000124928703158703
0.000113416789558080
0.000101809536764031
0.000090677886285260
0.000080370730484419
0.000071056782387782
0.000062778396380080
0.000055499630742203
0.000049142217390931
0.000043609686192766
0.000038802124163256
0.000034624294875306
0.000030989561556362
0.000027821358685507
0.000025053221196695
0.000022628062341577
0.000020497191034986
0.000018619254139509
0.000016959173487631
0.000015487194896808
0.000014178081413290
0.000013010392871241
0.000011965863421966
0.000011028906787816
0.000010186196964101
0.000009426295115178
0.000008739355387423
0.000008116891579823
0.000007551560840710
0.000007036983937901
0.000006567614287955
0.000006138616652053
0.000005745753645310
0.000005385307276709
0.000005054013889417
0.000004748992406011
0.000004467691740252
0.000004207856986494
0.000003967486483977
0.000003744792826912
0.000003538184047817
0.000003346241119745
0.000003167688333850
0.000003001379663660
0.000002846289705104
0.000002701492778457
0.000002566149772619
0.000002439506167471
0.000002320879866843
0.000002209647623226
0.000002105244872646
0.000002007161384963
0.000001914928641579
0.000001828117997851
0.000001746341932810
0.000001669244453760
0.000001596496251377
0.000001527798497234
0.000001462877772557
0.000001401478835573
0.000001343367975363
0.000001288332663448
0.000001236173784111
0.000001186706450636
0.000001139763196817
0.000001095187796245
0.000001052832855183
0.000001012564472679
0.000000974259184519
0.000000937799041365
0.000000903075528221
0.000000869990043752
0.000000838448101396
0.000000808360896717
0.000000779648553628
0.000000752235311161
0.000000726048185288
0.000000701021401851
0.000000677093967311
