-1.000000000000000000
-1.000000000000000000
-1.000000000000000000
-1.000000000000000000
0.772229560902248300
0.724578537773629100
0.680287712248823100
0.639177216070250500
0.601069385846343800
0.565790219838530100
0.533170540287403700
0.503046893279218700
0.475262216779059600
0.449666305452870000
0.426116098479966600
0.404475813902977100
0.384616950324207450
0.366418174063958800
0.349765107365196200
0.334550030963553500
0.320671512446045900
0.308033970398807800
0.296547183487046060
0.286125753397669270
0.276688531049453100
0.268158016606419750
0.260459745494244700
0.253521674542120160
0.247273584133125600
0.241646513274236250
0.236572244142976200
0.231982850343721740
0.227810318448730180
0.223986245485473270
0.220441606502327000
0.217106577436402850
0.213910390912705600
0.210781198201653500
0.207645911144517600
0.204430004979305160
0.201057278119298940
0.197449589904774430
0.193526635243082170
0.189205871185277600
0.184402793288868050
0.179031880554897770
0.173008698299645570
0.166253869537277530
0.158699860698528600
0.150301645573803400
0.141051995296124670
0.131000820947487720
0.120275027230959410
0.109090881478756470
0.097747539157810660
0.086593445801258950
0.075970158634457360
0.066153819935580420
0.057318294133405710
0.049530633131143350
0.042771617082775940
0.036966059053262744
0.032010655067115150
0.027794075617949637
0.024209089270782202
0.021158648553438394
0.018558115342975755
0.016335316294525663
0.014429534608593030
0.012790087208449194
0.011374834865850763
0.010148792572843303
0.009082907152857306
0.008153016941649965
0.007338983511433654
0.006623975289715642
0.005993880339458824
0.005436826555506115
0.004942789990899429
0.004503274889045145
0.004111051757868282
0.003759942269916713
0.003444641846897497
0.003160572499843376
0.002903759892816942
0.002670729743892728
0.002458419658846049
0.002264103439925222
0.002085326051165084
0.001919849193173980
0.001765610733310329
0.001620707836418939
0.001483426940067484
0.001352369266559050
0.001226763662531429
0.001107107832505147
0.000996246574105399
0.000900593704998911
0.000830018255421280
0.000793727962169841
0.000792335645451020
0.000814075598437958
0.000841831152658139
0.000863254566801935
0.000873889684461220
0.000874457790171792
0.000867558334143374
0.000855860269484990
0.000841493136556457
0.000825990851098445
0.000810408140313304
0.000795456682997773
0.000781616126044179
0.000769214710484119
0.000758485304808597
0.000749603946542932
0.000742716674377193
0.000737958834630289
0.000735469779983231
0.000735405005502103
0.000737947216871121
0.000743317523095451
0.000751787828263743
0.000763695530798245
0.000779461820976965
0.000799615223147509
0.000824822612694144
0.000855930842506879
0.000894023499062289
0.000940499435401881
0.000997183013177082
0.001066481095035902
0.001151609814697898
0.001256926620235216
0.001388422251763104
0.001554455406130435
0.001766848813847177
0.002042491959886908
0.002405532795482985
0.002889792536567111
0.003539232187691929
0.004398446947125866
0.005470836725720755
0.006609303926551640
0.007385269818848995
0.007258879632031505
0.006190079823794040
0.004750609951865190
0.003465836806200811
0.002502672160483832
0.001825944385613960
0.001356808085467411
0.001028698057604894
0.000795193169292962
0.000625684818489700
0.000500190001864787
0.000405552108661961
0.000332970699697816
0.000276449709896258
0.000231826196967686
0.000196156819741321
0.000167324518088653
0.000143782049203700
0.000124381813942460
0.000108260983147279
0.000094762662845945
0.000083380941480074
0.000073722018741910
0.000065476328861644
0.000058398290071148
0.000052291416254033
0.000046997247011798
0.000042387028630851
0.000038355398588384
0.000034815544071721
0.000031695454797183
0.000028934994225281
0.000026483586976334
0.000024298375461867
0.000022342741814127
0.000020585137586111
0.000018998246816308
0.000017558710381413
0.000016248213382104
0.000015058354798906
0.000014005349190109
0.000013160279122164
0.000012645224688424
0.000012427685412572
0.000012195456070131
0.000011788172213593
0.000011283943831683
0.000010770222280564
0.000010287013071237
0.000009847157748106
0.000009452700436780
0.000009102000701735
0.000008792432961333
0.000008521367197665
0.000008286510134447
0.000008086013034785
0.000007918499144994
0.000007783069052412
0.000007679307330143
0.000007607301016959
0.000007567676692798
0.000007561660848787
0.000007591169101442
0.000007658933603372
0.000007768681281389
0.000007925381257530
0.000008135588746527
0.000008407927535186
0.000008753774675449
0.000009188243995441
0.000009731625154549
0.000010411532109946
0.000011266184619088
0.000012349549289581
0.000013739624614042
0.000015552213976496
0.000017964620641255
0.000021257902947521
0.000025894917860082
0.000032668322418056
0.000042979449863163
0.000059298524966627
0.000085386035463481
0.000122636582963595
0.000152185907360596
0.000135552945015646
0.000090677887228955
0.000055499631442877
0.000034624294755887
0.000022628061820903
0.000015487194700152
0.000011028907049808
0.000008116891841153
0.000006138616576190
0.000004748992178166
0.000003744792791508
0.000003001379827131
0.000002439506258386
0.000002007161287042
0.000001669244343526
0.000001401478878009
0.000001186706558931
0.000001012564473442
0.000000869989949236
0.000000752235278311
0.000000654206056279
0.000000572008184640
0.000000502631099195
0.000000443722094476
0.000000393424293252
0.000000350259835008
0.000000313044107670
0.000000280820790519
0.000000252812123761
0.000000228382299983
0.000000207010797102
0.000000188272620651
0.000000171823778110
0.000000157393434523
0.000000144786462440
0.000000133903866597
0.000000124800313615
0.000000117830148475
0.000000113982013235
0.000000115211351052
0.000000121190587857
0.000000118935779898
0.000000104686583657
0.000000091290015609
0.000000081680271770
0.000000074653247931
0.000000069204097163
0.000000064777372256
0.000000061069384559
0.000000057904551105
0.000000055174507254
0.000000052808077625
0.000000050756052406
0.000000048983416260
0.000000047465210619
0.000000046183613789
0.000000045126370636
0.000000044286135620
0.000000043660163356
0.000000043250200770
0.000000043062719256
0.000000043109645644
0.000000043409407964
0.000000043988268794
0.000000044882329687
0.000000046140986066
0.000000047831646431
0.000000050046349199
0.000000052912040611
0.000000056606824396
0.000000061385957291
0.000000067624313282
0.000000075888555212
0.000000087067230163
0.000000102615964275
0.000000125044019375
0.000000158945849245
0.000000213339265539
0.000000307204140471
0.000000481481881865
0.000000801454951788
0.000001140502936495
0.000000918530923899
0.000000493936340882
0.000000260184275834
0.000000148728002442
0.000000092044116666
0.000000060656209906
0.000000041956885818
0.000000030141310977
0.000000022315304325
0.000000016930927810
0.000000013109042768
0.000000010324508404
0.000000008250477766
0.000000006676449805
0.000000005462506310
0.000000004512917020
0.000000003760653388
0.000000003158058718
0.000000002670643415
0.000000002272903503
0.000000001945660699
0.000000001674406154
0.000000001448080634
0.000000001258107549
0.000000001097723780
0.000000000961579093
0.000000000845457956
0.000000000745978650
0.000000000660385822
0.000000000586428524
0.000000000522281877
0.000000000466456164
0.000000000417726806
0.000000000375097554
0.000000000337790540
0.000000000305303588
0.000000000277642956
0.000000000256128293
0.000000000246138203
0.000000000262451770
0.000000000290161059
0.000000000259171874
0.000000000218321507
0.000000000189739088
0.000000000169287940
0.000000000153536174
0.000000000140768868
0.000000000130077474
0.000000000120919182
0.000000000112967344
0.000000000106027195
0.000000000099954297
0.000000000094610728
0.000000000089899231
0.000000000085769803
0.000000000082188803
0.000000000079100429
0.000000000076454728
0.000000000074237614
0.000000000072459751
0.000000000071115142
0.000000000070189330
0.000000000069696416
0.000000000069685304
0.000000000070212480
0.000000000071331561
0.000000000073128497
0.000000000075761440
0.000000000079451952
0.000000000084488334
0.000000000091299042
0.000000000100569736
0.000000000113406915
0.000000000131631100
0.000000000158430695
0.000000000199896859
0.000000000268754051
0.000000000394459473
0.000000000652392511
0.000000001215470885
0.000000001856615763
0.000000001184610459
0.000000000516106233
0.000000000246465049
0.000000000133519883
0.000000000079530790
0.000000000050736843
0.000000000034048351
0.000000000023741982
0.000000000017059486
0.000000000012559136
0.000000000009432701
0.000000000007201522
0.000000000005573176
0.000000000004364417
0.000000000003453204
0.000000000002755987
0.000000000002215876
0.000000000001793298
0.000000000001459826
0.000000000001194392
0.000000000000981151
0.000000000000808753
0.000000000000668544
0.000000000000553615
0.000000000000458675
0.000000000000380012
0.000000000000314899
0.000000000000260200
0.000000000000213855
0.000000000000174326
0.000000000000140443
0.000000000000111000
0.000000000000085069
0.000000000000061916
0.000000000000041102
0.000000000000022761
0.000000000000009267
0.000000000000011790
0.000000000000082719
0.000000000000382740
0.000000000000533866
0.000000000000359366
0.000000000000243665
0.000000000000180328
0.000000000000142241
0.000000000000117363
0.000000000000100014
0.000000000000087242
0.000000000000077511
0.000000000000069982
0.000000000000064084
0.000000000000059369
0.000000000000055604
0.000000000000052734
0.000000000000050634
0.000000000000048810
0.000000000000047470
0.000000000000046703
0.000000000000046507
0.000000000000046710
0.000000000000047323
0.000000000000048454
0.000000000000050204
0.000000000000052550
0.000000000000055544
0.000000000000059379
0.000000000000064486
0.000000000000071018
0.000000000000079359
0.000000000000090260
0.000000000000104873
0.000000000000124814
0.000000000000152883
0.000000000000194299
0.000000000000259075
0.000000000000368034
0.000000000000571426
0.000000000001011407
0.000000000002149024
0.000000000004708108
0.000000000003823699
0.000000000001551412
0.000000000000717968
0.000000000000394052
0.000000000000242970
0.000000000000162336
0.000000000000115006
0.000000000000085157
0.000000000000065099
0.000000000000051054
0.000000000000040951
0.000000000000033478
0.000000000000027766
0.000000000000023290
0.000000000000019743
0.000000000000016975
0.000000000000014726
0.000000000000012845
0.000000000000011295
0.000000000000010021
0.000000000000008937
0.000000000000007997
0.000000000000007174
0.000000000000006480
0.000000000000005893
0.000000000000005460
0.000000000000005025
0.000000000000004615
0.000000000000004256
0.000000000000003939
0.000000000000003672
0.000000000000003461
0.000000000000003291
0.000000000000003156
0.000000000000003099
0.000000000000003182
0.000000000000003534
0.000000000000004498
0.000000000000007505
0.000000000000015606
0.000000000000012761
0.000000000000006154
0.000000000000003794
0.000000000000002831
0.000000000000002347
0.000000000000002051
0.000000000000001848
0.000000000000001709
0.000000000000001612
0.000000000000001534
0.000000000000001475
0.000000000000001435
0.000000000000001406
0.000000000000001388
0.000000000000001369
0.000000000000001350
0.000000000000001352
0.000000000000001365
0.000000000000001385
0.000000000000001412
0.000000000000001450
0.000000000000001497
0.000000000000001553
0.000000000000001626
0.000000000000001720
0.000000000000001836
0.000000000000001967
0.000000000000002133
0.000000000000002339
0.000000000000002605
0.000000000000002985
0.000000000000003493
0.000000000000004208
0.000000000000005282
0.000000000000006961
0.000000000000009780
0.000000000000015166
0.000000000000027626
0.000000000000063503
0.000000000000147931
0.000000000000085146
0.000000000000029749
0.000000000000013233
0.000000000000007068
0.000000000000004222
0.000000000000002739
0.000000000000001886
0.000000000000001362
0.000000000000001011
0.000000000000000774
0.000000000000000606
0.000000000000000479
0.000000000000000388
0.000000000000000319
0.000000000000000264
0.000000000000000226
0.000000000000000195
0.000000000000000169
0.000000000000000148
0.000000000000000130
0.000000000000000116
0.000000000000000102
0.000000000000000091
0.000000000000000081
0.000000000000000072
0.000000000000000062
0.000000000000000055
0.000000000000000049
0.000000000000000043
0.000000000000000040
0.000000000000000037
0.000000000000000034
0.000000000000000031
0.000000000000000029
0.000000000000000027
0.000000000000000027
0.000000000000000029
0.000000000000000034
0.000000000000000053
0.000000000000000080
0.000000000000000036
0.000000000000000019
0.000000000000000014
0.000000000000000013
0.000000000000000011
0.000000000000000010
0.000000000000000010
0.000000000000000010
0.000000000000000009
0.000000000000000009
0.000000000000000010
0.000000000000000009
0.000000000000000009
0.000000000000000009
0.000000000000000011
0.000000000000000011
0.000000000000000011
0.000000000000000011
0.000000000000000013
0.000000000000000014
0.000000000000000015
0.000000000000000016
0.000000000000000017
0.000000000000000019
0.000000000000000022
0.000000000000000023
0.000000000000000024
0.000000000000000026
0.000000000000000027
0.000000000000000030
0.000000000000000034
0.000000000000000039
0.000000000000000047
0.000000000000000058
0.000000000000000075
0.000000000000000104
0.000000000000000168
0.000000000000000336
0.000000000000000913
0.000000000000001268
0.000000000000000377
0.000000000000000135
0.000000000000000063
0.000000000000000035
0.000000000000000021
0.000000000000000014
0.000000000000000009
0.000000000000000007
0.000000000000000005
0.000000000000000004
0.000000000000000003
0.000000000000000002
0.000000000000000002
0.000000000000000001
0.000000000000000001
0.000000000000000001
0.000000000000000001
0.000000000000000001
0.000000000000000000
0.000000000000000000
0.000000000000000000
0.000000000000000000
0.000000000000000000
0.000000000000000000
0.000000000000000000
0.000000000000000000
0.000000000000000000
0.000000000000000001
0.000000000000000001
0.000000000000000001
0.000000000000000001
0.000000000000000001
0.000000000000000001
0.000000000000000001
0.000000000000000001
0.000000000000000001
0.000000000000000001
0.000000000000000003
0.000000000000000027
0.000000000000000041
0.000000000000000022
0.000000000000000015
0.000000000000000012
0.000000000000000009
0.000000000000000007
0.000000000000000006
0.000000000000000005
0.000000000000000004
0.000000000000000003
0.000000000000000003
0.000000000000000002
0.000000000000000001
0.000000000000000001
0.000000000000000001
0.000000000000000000
0.000000000000000000
0.000000000000000000
0.000000000000000000
0.000000000000000000
0.000000000000000000
0.000000000000000000
0.000000000000000000
0.000000000000000000
0.000000000000000000
0.000000000000000000
0.000000000000000001
0.000000000000000001
0.000000000000000001
0.000000000000000001
0.000000000000000001
0.000000000000000001
0.000000000000000001
0.000000000000000002
0.000000000000000002
0.000000000000000004
0.000000000000000008
0.000000000000000017
0.000000000000000054
0.000000000000000143
0.000000000000000048
0.000000000000000017
0.000000000000000008
0.000000000000000004
0.000000000000000003
0.000000000000000002
0.000000000000000001
0.000000000000000000
0.000000000000000000
0.000000000000000000
0.000000000000000000
0.000000000000000000
0.000000000000000000
0.000000000000000001
0.000000000000000000
0.000000000000000000
0.000000000000000000
0.000000000000000000
0.000000000000000000
0.000000000000000000
0.000000000000000000
0.000000000000000000
0.000000000000000000
0.000000000000000000
0.000000000000000000
0.000000000000000000
0.000000000000000000
0.000000000000000000
0.000000000000000000
0.000000000000000000
0.000000000000000000
0.000000000000000000
0.000000000000000000
0.000000000000000000
0.000000000000000000
0.000000000000000001
0.000000000000000003
0.000000000000000014
0.000000000000000080
0.000000000000000086
0.000000000000000029
0.000000000000000014
0.000000000000000009
0.000000000000000005
0.000000000000000003
0.000000000000000002
0.000000000000000002
0.000000000000000001
0.000000000000000001
0.000000000000000001
0.000000000000000000
0.000000000000000000
0.000000000000000000
0.000000000000000000
0.000000000000000000
0.000000000000000000
0.000000000000000000
0.000000000000000000
0.000000000000000000
0.000000000000000000
0.000000000000000000
0.000000000000000000
0.000000000000000000
0.000000000000000000
0.000000000000000000
0.000000000000000000
0.000000000000000000
0.000000000000000000
0.000000000000000000
0.000000000000000000
0.000000000000000000
0.000000000000000000
0.000000000000000000
0.000000000000000000
0.000000000000000000
0.000000000000000000
0.000000000000000002
0.000000000000000008
0.000000000000000027
0.000000000000000009
0.000000000000000004
0.000000000000000002
0.000000000000000002
0.000000000000000001
0.000000000000000001
0.000000000000000001
0.000000000000000001
0.000000000000000001
0.000000000000000001
0.000000000000000001
0.000000000000000000
0.000000000000000000
0.000000000000000000
0.000000000000000000
0.000000000000000000
0.000000000000000000
0.000000000000000000
0.000000000000000000
0.000000000000000000
0.000000000000000000
0.000000000000000000
0.000000000000000000
0.000000000000000000
0.000000000000000000
0.000000000000000000
0.000000000000000000
0.000000000000000000
0.000000000000000000
0.000000000000000000
0.000000000000000000
0.000000000000000000
0.000000000000000001
0.000000000000000001
0.000000000000000001
0.000000000000000002
0.000000000000000005
0.000000000000000016
0.000000000000000068
0.000000000000000031
0.000000000000000009
0.000000000000000004
0.000000000000000002
0.000000000000000001
0.000000000000000001
0.000000000000000000
0.000000000000000000
0.000000000000000000
0.000000000000000000
0.000000000000000000
0.000000000000000000
0.000000000000000000
0.000000000000000000
0.000000000000000000
0.000000000000000000
0.000000000000000000
0.000000000000000000
0.000000000000000000
0.000000000000000000
0.000000000000000000
0.000000000000000000
0.000000000000000000
0.000000000000000000
0.000000000000000000
0.000000000000000000
0.000000000000000000
0.000000000000000000
0.000000000000000000
0.000000000000000000
0.000000000000000000
0.000000000000000000
0.000000000000000000
0.000000000000000000
0.000000000000000000
0.000000000000000001
0.000000000000000003
0.000000000000000010
0.000000000000000051
0.000000000000000063
0.000000000000000016
0.000000000000000007
0.000000000000000003
0.000000000000000003
0.000000000000000002
0.000000000000000002
0.000000000000000002
0.000000000000000001
0.000000000000000001
0.000000000000000001
0.000000000000000001
0.000000000000000001
0.000000000000000000
0.000000000000000000
0.000000000000000000
0.000000000000000000
0.000000000000000000
0.000000000000000000
0.000000000000000000
0.000000000000000000
0.000000000000000000
0.000000000000000000
0.000000000000000000
0.000000000000000000
0.000000000000000000
0.000000000000000000
0.000000000000000000
0.000000000000000000
0.000000000000000000
0.000000000000000000
0.000000000000000000
0.000000000000000000
0.000000000000000001
0.000000000000000001
0.000000000000000001
0.000000000000000003
0.000000000000000006
0.000000000000000022
0.000000000000000049
0.000000000000000010
0.000000000000000003
0.000000000000000001
0.000000000000000001
0.000000000000000000
0.000000000000000000
0.000000000000000000
0.000000000000000000
0.000000000000000000
0.000000000000000000
0.000000000000000000
0.000000000000000000
0.000000000000000000
0.000000000000000000
0.000000000000000000
0.000000000000000000
0.000000000000000000
0.000000000000000000
0.000000000000000000
0.000000000000000000
0.000000000000000000
0.000000000000000000
0.000000000000000000
0.000000000000000000
0.000000000000000000
0.000000000000000000
0.000000000000000000
0.000000000000000000
0.000000000000000000
0.000000000000000000
0.000000000000000000
0.000000000000000000
0.000000000000000000
0.000000000000000000
0.000000000000000000
0.000000000000000000
0.000000000000000002
0.000000000000000008
0.000000000000000040
0.000000000000000011
0.000000000000000004
0.000000000000000002
0.000000000000000001
0.000000000000000001
0.000000000000000001
0.000000000000000001
0.000000000000000001
0.000000000000000000
0.000000000000000000
0.000000000000000000
0.000000000000000000
0.000000000000000000
0.000000000000000000
0.000000000000000000
0.000000000000000000
0.000000000000000000
0.000000000000000000
0.000000000000000000
0.000000000000000000
0.000000000000000000
0.000000000000000000
0.000000000000000000
0.000000000000000000
0.000000000000000000
0.000000000000000000
0.000000000000000000
0.000000000000000000
0.000000000000000000
0.000000000000000000
0.000000000000000000
0.000000000000000000
0.000000000000000000
0.000000000000000000
0.000000000000000000
0.000000000000000000
0.000000000000000000
0.000000000000000001
0.000000000000000004
0.000000000000000001
0.000000000000000000
0.000000000000000000
0.000000000000000000
0.000000000000000000
0.000000000000000000
0.000000000000000000
0.000000000000000000
0.000000000000000000
0.000000000000000000
0.000000000000000000
0.000000000000000000
0.000000000000000000
