-1.000000000000000000
-1.000000000000000000
-1.000000000000000000
-1.000000000000000000
0.772229560902248300
0.724578537773629100
0.680287712248823100
0.639177216070250500
0.601069385846343800
0.565790219838530100
0.533170540287403700
0.503046893279218700
0.475262216779059600
0.449666305452870000
0.426116098479966600
0.404475813902977100
0.384616950324207450
0.366418174063958800
0.349765107365196200
0.334550030963553500
0.320671512446045900
0.308033970398807800
0.296547183487046060
0.286125753397669270
0.276688531049453100
0.268158016606419750
0.260459745494244700
0.253521674542120160
0.247273584133125600
0.241646513274236250
0.236572244142976200
0.231982850343721740
0.227810318448730180
0.223986245485473270
0.220441606502327000
0.217106577436402850
0.213910390912705600
0.210781198201653500
0.207645911144517600
0.204430004979305160
0.201057278119298940
0.197449589904774430
0.193526635243082170
0.189205871185277600
0.184402793288868050
0.179031880554897770
0.173008698299645570
0.166253869537277530
0.158699860698528600
0.150301645573803400
0.141051995296124670
0.131000820947487720
0.120275027230959410
0.109090881478756470
0.097747539157810660
0.086593445801258950
0.075970158634457360
0.066153819935580420
0.057318294133405190
0.049530633131143350
0.042771617082775940
0.036966059053262744
0.032010655067115150
0.027794075617949637
0.024209089270782202
0.021158648553438394
0.018558115342975755
0.016335316294525663
0.014429534608593030
0.012790087208449194
0.011374834865850763
0.010148792572843303
0.009082907152857306
0.008153016941650026
0.007338983511433703
0.006623975289715642
0.005993880339458798
0.005436826555506115
0.004942789990899433
0.004503274889045150
0.004111051757868255
0.003759942269916716
0.003444641846897514
0.003160572499843366
0.002903759892816945
0.002670729743892741
0.002458419658846049
0.002264103439925213
0.002085326051165078
0.001919849193173961
0.001765610733310311
0.001620707836418939
0.001483426940067489
0.001352369266559052
0.001226763662531426
0.001107107832505147
0.000996246574105407
0.000900593704998904
0.000830018255421277
0.000793727962169848
0.000792335645451028
0.000814075598437971
0.000841831152658154
0.000863254566801960
0.000873889684461258
0.000874457790171808
0.000867558334143408
0.000855860269485006
0.000841493136556456
0.000825990851098400
0.000810408140313212
0.000795456682997662
0.000781616126044084
0.000769214710484040
0.000758485304808591
0.000749603946543056
0.000742716674377409
0.000737958834630589
0.000735469779983459
0.000735405005502192
0.000737947216870951
0.000743317523095054
0.000751787828263184
0.000763695530797760
0.000779461820976852
0.000799615223147921
0.000824822612695021
0.000855930842507853
0.000894023499062835
0.000940499435401502
0.000997183013175773
0.001066481095034273
0.001151609814696917
0.001256926620235761
0.001388422251765214
0.001554455406132925
0.001766848813848237
0.002042491959885181
0.002405532795478912
0.002889792536563252
0.003539232187691731
0.004398446947131101
0.005470836725729837
0.006609303926559869
0.007385269818851658
0.007258879632025140
0.006190079823777531
0.004750609951843961
0.003465836806187652
0.002502672160490091
0.001825944385637584
0.001356808085491511
0.001028698057609665
0.000795193169272551
0.000625684818459360
0.000500190001850299
0.000405552108677938
0.000332970699732852
0.000276449709919953
0.000231826196956590
0.000196156819702196
0.000167324518056040
0.000143782049210028
0.000124381813985713
0.000108260983188450
0.000094762662843511
0.000083380941431963
0.000073722018692662
0.000065476328861961
0.000058398290125521
0.000052291416310490
0.000046997247010761
0.000042387028568319
0.000038355398526370
0.000034815544077511
0.000031695454869781
0.000028934994289794
0.000026483586960668
0.000024298375378141
0.000022342741752227
0.000020585137617408
0.000018998246910079
0.000017558710432945
0.000016248213329924
0.000015058354700059
0.000014005349159785
0.000013160279199056
0.000012645224783360
0.000012427685409779
0.000012195455967761
0.000011788172132030
0.000011283943870317
0.000010770222393300
0.000010287013119283
0.000009847157672321
0.000009452700334282
0.000009102000703404
0.000008792433062314
0.000008521367263015
0.000008286510078519
0.000008086012937394
0.000007918499142353
0.000007783069146138
0.000007679307382041
0.000007607300947654
0.000007567676605099
0.000007561660883356
0.000007591169217722
0.000007658933618605
0.000007768681145808
0.000007925381165520
0.000008135588869759
0.000008407927728711
0.000008753774632048
0.000009188243711137
0.000009731625026682
0.000010411532403871
0.000011266184989693
0.000012349549150870
0.000013739624016587
0.000015552213738443
0.000017964621288240
0.000021257903762485
0.000025894917573146
0.000032668321005055
0.000042979449075117
0.000059298526399784
0.000085386038218848
0.000122636584048029
0.000152185904926397
0.000135552940735869
0.000090677884729736
0.000055499632432627
0.000034624297298628
0.000022628062801354
0.000015487193411811
0.000011028905562264
0.000008116892038271
0.000006138617878558
0.000004748992693534
0.000003744791970855
0.000003001378982434
0.000002439506538503
0.000002007162145275
0.000001669244514053
0.000001401478218252
0.000001186706104012
0.000001012564835898
0.000000869990507566
0.000000752235213261
0.000000654205544621
0.000000572008020095
0.000000502631470161
0.000000443722389757
0.000000393424096203
0.000000350259505728
0.000000313044147135
0.000000280821081889
0.000000252812196084
0.000000228382083992
0.000000207010666775
0.000000188272756020
0.000000171823921663
0.000000157393362912
0.000000144786332104
0.000000133903900369
0.000000124800424065
0.000000117830128979
0.000000113981913291
0.000000115211369722
0.000000121190699984
0.000000118935776589
0.000000104686457102
0.000000091289990945
0.000000081680406259
0.000000074653307145
0.000000069203959283
0.000000064777265830
0.000000061069509310
0.000000057904710559
0.000000055174418919
0.000000052807870511
0.000000050756080458
0.000000048983653896
0.000000047465261484
0.000000046183372381
0.000000045126231968
0.000000044286348526
0.000000043660386448
0.000000043250049189
0.000000043062427707
0.000000043109707377
0.000000043409741045
0.000000043988317242
0.000000044881990012
0.000000046140817738
0.000000047831953250
0.000000050046635610
0.000000052911807498
0.000000056606432749
0.000000061386076254
0.000000067624787350
0.000000075888591252
0.000000087066706350
0.000000102615726216
0.000000125044544894
0.000000158946359070
0.000000213338833298
0.000000307203228968
0.000000481481894742
0.000000801456306601
0.000001140504419944
0.000000918531188656
0.000000493935536542
0.000000260183632259
0.000000148728133080
0.000000092044515442
0.000000060656255698
0.000000041956657919
0.000000030141225098
0.000000022315428325
0.000000016931010079
0.000000013108980087
0.000000010324443790
0.000000008250506409
0.000000006676494462
0.000000005462494206
0.000000004512889578
0.000000003760659760
0.000000003158073620
0.000000002670636699
0.000000002272896165
0.000000001945670508
0.000000001674410321
0.000000001448067220
0.000000001258103181
0.000000001097739940
0.000000000961585879
0.000000000845440605
0.000000000745968340
0.000000000660402627
0.000000000586442528
0.000000000522267184
0.000000000466439000
0.000000000417738228
0.000000000375116898
0.000000000337783018
0.000000000305283221
0.000000000277646600
0.000000000256148770
0.000000000246137640
0.000000000262430014
0.000000000290155860
0.000000000259192177
0.000000000218332609
0.000000000189723979
0.000000000169274987
0.000000000153547293
0.000000000140782791
0.000000000130070001
0.000000000120905032
0.000000000112971458
0.000000000106040888
0.000000000099953160
0.000000000094598058
0.000000000089897861
0.000000000085781024
0.000000000082192156
0.000000000079090929
0.000000000076449925
0.000000000074245257
0.000000000072465491
0.000000000071109366
0.000000000070183113
0.000000000069700409
0.000000000069691599
0.000000000070210116
0.000000000071325513
0.000000000073129430
0.000000000075766988
0.000000000079452229
0.000000000084483474
0.000000000091297771
0.000000000100573767
0.000000000113408980
0.000000000131628023
0.000000000158427998
0.000000000199898796
0.000000000268757248
0.000000000394459168
0.000000000652389198
0.000000001215467894
0.000000001856614338
0.000000001184610527
0.000000000516107722
0.000000000246466749
0.000000000133520044
0.000000000079529489
0.000000000050736165
0.000000000034049219
0.000000000023742802
0.000000000017058958
0.000000000012558326
0.000000000009432978
0.000000000007202256
0.000000000005573079
0.000000000004363786
0.000000000003453178
0.000000000002756507
0.000000000002215981
0.000000000001792885
0.000000000001459676
0.000000000001194708
0.000000000000981320
0.000000000000808520
0.000000000000668373
0.000000000000553778
0.000000000000458835
0.000000000000379904
0.000000000000314756
0.000000000000260266
0.000000000000213975
0.000000000000174291
0.000000000000140346
0.000000000000111013
0.000000000000085140
0.000000000000061914
0.000000000000041056
0.000000000000022761
0.000000000000009286
0.000000000000011769
0.000000000000082718
0.000000000000382840
0.000000000000533986
0.000000000000359380
0.000000000000243593
0.000000000000180295
0.000000000000142282
0.000000000000117396
0.000000000000099989
0.000000000000087213
0.000000000000077525
0.000000000000070007
0.000000000000064077
0.000000000000059347
0.000000000000055605
0.000000000000052752
0.000000000000050637
0.000000000000048795
0.000000000000047464
0.000000000000046714
0.000000000000046515
0.000000000000046702
0.000000000000047313
0.000000000000048457
0.000000000000050215
0.000000000000052551
0.000000000000055532
0.000000000000059375
0.000000000000064499
0.000000000000071028
0.000000000000079345
0.000000000000090244
0.000000000000104887
0.000000000000124839
0.000000000000152870
0.000000000000194262
0.000000000000259084
0.000000000000368092
0.000000000000571430
0.000000000001011307
0.000000000002148944
0.000000000004708200
0.000000000003823890
0.000000000001551531
0.000000000000717939
0.000000000000393979
0.000000000000242971
0.000000000000162384
0.000000000000115012
0.000000000000085123
0.000000000000065090
0.000000000000051079
0.000000000000040961
0.000000000000033459
0.000000000000027756
0.000000000000023305
0.000000000000019753
0.000000000000016964
0.000000000000014716
0.000000000000012853
0.000000000000011305
0.000000000000010015
0.000000000000008928
0.000000000000008000
0.000000000000007182
0.000000000000006478
0.000000000000005885
0.000000000000005461
0.000000000000005032
0.000000000000004615
0.000000000000004249
0.000000000000003939
0.000000000000003678
0.000000000000003463
0.000000000000003286
0.000000000000003155
0.000000000000003104
0.000000000000003184
0.000000000000003529
0.000000000000004497
0.000000000000007513
0.000000000000015614
0.000000000000012758
0.000000000000006146
0.000000000000003794
0.000000000000002836
0.000000000000002347
0.000000000000002047
0.000000000000001848
0.000000000000001713
0.000000000000001612
0.000000000000001530
0.000000000000001474
0.000000000000001438
0.000000000000001407
0.000000000000001385
0.000000000000001368
0.000000000000001353
0.000000000000001353
0.000000000000001363
0.000000000000001384
0.000000000000001414
0.000000000000001451
0.000000000000001495
0.000000000000001551
0.000000000000001628
0.000000000000001722
0.000000000000001834
0.000000000000001965
0.000000000000002135
0.000000000000002341
0.000000000000002604
0.000000000000002983
0.000000000000003494
0.000000000000004211
0.000000000000005282
0.000000000000006957
0.000000000000009779
0.000000000000015171
0.000000000000027629
0.000000000000063496
0.000000000000147915
0.000000000000085134
0.000000000000029749
0.000000000000013238
0.000000000000007069
0.000000000000004219
0.000000000000002738
0.000000000000001888
0.000000000000001363
0.000000000000001010
0.000000000000000773
0.000000000000000607
0.000000000000000480
0.000000000000000388
0.000000000000000318
0.000000000000000265
0.000000000000000227
0.000000000000000195
0.000000000000000168
0.000000000000000148
0.000000000000000131
0.000000000000000115
0.000000000000000102
0.000000000000000091
0.000000000000000081
0.000000000000000071
0.000000000000000062
0.000000000000000055
0.000000000000000049
0.000000000000000043
0.000000000000000040
0.000000000000000037
0.000000000000000034
0.000000000000000031
0.000000000000000029
0.000000000000000027
0.000000000000000027
0.000000000000000029
0.000000000000000034
0.000000000000000053
0.000000000000000080
0.000000000000000036
0.000000000000000019
0.000000000000000014
0.000000000000000013
0.000000000000000011
0.000000000000000010
0.000000000000000010
0.000000000000000010
0.000000000000000009
0.000000000000000009
0.000000000000000010
0.000000000000000009
0.000000000000000009
0.000000000000000009
0.000000000000000011
0.000000000000000011
0.000000000000000011
0.000000000000000011
0.000000000000000012
0.000000000000000014
0.000000000000000015
0.000000000000000016
0.000000000000000017
0.000000000000000019
0.000000000000000022
0.000000000000000023
0.000000000000000024
0.000000000000000026
0.000000000000000027
0.000000000000000030
0.000000000000000034
0.000000000000000039
0.000000000000000047
0.000000000000000058
0.000000000000000075
0.000000000000000104
0.000000000000000168
0.000000000000000336
0.000000000000000912
0.000000000000001268
0.000000000000000376
0.000000000000000135
0.000000000000000063
0.000000000000000035
0.000000000000000021
0.000000000000000014
0.000000000000000009
0.000000000000000007
0.000000000000000005
0.000000000000000004
0.000000000000000003
0.000000000000000002
0.000000000000000002
0.000000000000000001
0.000000000000000001
0.000000000000000001
0.000000000000000001
0.000000000000000001
0.000000000000000000
0.000000000000000000
0.000000000000000000
0.000000000000000000
0.000000000000000000
0.000000000000000000
0.000000000000000000
0.000000000000000000
0.000000000000000000
0.000000000000000001
0.000000000000000001
0.000000000000000001
0.000000000000000001
0.000000000000000001
0.000000000000000001
0.000000000000000001
0.000000000000000001
0.000000000000000001
0.000000000000000001
0.000000000000000003
0.000000000000000027
0.000000000000000041
0.000000000000000022
0.000000000000000015
0.000000000000000011
0.000000000000000009
0.000000000000000007
0.000000000000000006
0.000000000000000005
0.000000000000000004
0.000000000000000003
0.000000000000000003
0.000000000000000002
0.000000000000000001
0.000000000000000001
0.000000000000000001
0.000000000000000000
0.000000000000000000
0.000000000000000000
0.000000000000000000
0.000000000000000000
0.000000000000000000
0.000000000000000000
0.000000000000000000
0.000000000000000000
0.000000000000000000
0.000000000000000000
0.000000000000000001
0.000000000000000001
0.000000000000000001
0.000000000000000001
0.000000000000000001
0.000000000000000001
0.000000000000000001
0.000000000000000002
0.000000000000000002
0.000000000000000004
0.000000000000000008
0.000000000000000017
0.000000000000000054
0.000000000000000143
0.000000000000000048
0.000000000000000017
0.000000000000000008
0.000000000000000004
0.000000000000000003
0.000000000000000002
0.000000000000000001
0.000000000000000000
0.000000000000000000
0.000000000000000000
0.000000000000000000
0.000000000000000000
0.000000000000000000
0.000000000000000001
0.000000000000000000
0.000000000000000000
0.000000000000000000
0.000000000000000000
0.000000000000000000
0.000000000000000000
0.000000000000000000
0.000000000000000000
0.000000000000000000
0.000000000000000000
0.000000000000000000
0.000000000000000000
0.000000000000000000
0.000000000000000000
0.000000000000000000
0.000000000000000000
0.000000000000000000
0.000000000000000000
0.000000000000000000
0.000000000000000000
0.000000000000000000
0.000000000000000001
0.000000000000000003
0.000000000000000014
0.000000000000000080
0.000000000000000086
0.000000000000000029
0.000000000000000014
0.000000000000000009
0.000000000000000005
0.000000000000000003
0.000000000000000002
0.000000000000000002
0.000000000000000001
0.000000000000000001
0.000000000000000001
0.000000000000000000
0.000000000000000000
0.000000000000000000
0.000000000000000000
0.000000000000000000
0.000000000000000000
0.000000000000000000
0.000000000000000000
0.000000000000000000
0.000000000000000000
0.000000000000000000
0.000000000000000000
0.000000000000000000
0.000000000000000000
0.000000000000000000
0.000000000000000000
0.000000000000000000
0.000000000000000000
0.000000000000000000
0.000000000000000000
0.000000000000000000
0.000000000000000000
0.000000000000000000
0.000000000000000000
0.000000000000000000
0.000000000000000000
0.000000000000000002
0.000000000000000008
0.000000000000000027
0.000000000000000009
0.000000000000000004
0.000000000000000002
0.000000000000000002
0.000000000000000001
0.000000000000000001
0.000000000000000001
0.000000000000000001
0.000000000000000001
0.000000000000000001
0.000000000000000001
0.000000000000000000
0.000000000000000000
0.000000000000000000
0.000000000000000000
0.000000000000000000
0.000000000000000000
0.000000000000000000
0.000000000000000000
0.000000000000000000
0.000000000000000000
0.000000000000000000
0.000000000000000000
0.000000000000000000
0.000000000000000000
0.000000000000000000
0.000000000000000000
0.000000000000000000
0.000000000000000000
0.000000000000000000
0.000000000000000000
0.000000000000000000
0.000000000000000001
0.000000000000000001
0.000000000000000001
0.000000000000000002
0.000000000000000005
0.000000000000000016
0.000000000000000068
0.000000000000000031
0.000000000000000009
0.000000000000000004
0.000000000000000002
0.000000000000000001
0.000000000000000001
0.000000000000000000
0.000000000000000000
0.000000000000000000
0.000000000000000000
0.000000000000000000
0.000000000000000000
0.000000000000000000
0.000000000000000000
0.000000000000000000
0.000000000000000000
0.000000000000000000
0.000000000000000000
0.000000000000000000
0.000000000000000000
0.000000000000000000
0.000000000000000000
0.000000000000000000
0.000000000000000000
0.000000000000000000
0.000000000000000000
0.000000000000000000
0.000000000000000000
0.000000000000000000
0.000000000000000000
0.000000000000000000
0.000000000000000000
0.000000000000000000
0.000000000000000000
0.000000000000000000
0.000000000000000001
0.000000000000000003
0.000000000000000010
0.000000000000000051
0.000000000000000063
0.000000000000000016
0.000000000000000006
0.000000000000000003
0.000000000000000003
0.000000000000000002
0.000000000000000002
0.000000000000000002
0.000000000000000001
0.000000000000000001
0.000000000000000001
0.000000000000000001
0.000000000000000001
0.000000000000000000
0.000000000000000000
0.000000000000000000
0.000000000000000000
0.000000000000000000
0.000000000000000000
0.000000000000000000
0.000000000000000000
0.000000000000000000
0.000000000000000000
0.000000000000000000
0.000000000000000000
0.000000000000000000
0.000000000000000000
0.000000000000000000
0.000000000000000000
0.000000000000000000
0.000000000000000000
0.000000000000000000
0.000000000000000000
0.000000000000000001
0.000000000000000001
0.000000000000000002
0.000000000000000003
0.000000000000000006
0.000000000000000022
0.000000000000000049
0.000000000000000010
0.000000000000000003
0.000000000000000001
0.000000000000000001
0.000000000000000000
0.000000000000000000
0.000000000000000000
0.000000000000000000
0.000000000000000000
0.000000000000000000
0.000000000000000000
0.000000000000000000
0.000000000000000000
0.000000000000000000
0.000000000000000000
0.000000000000000000
0.000000000000000000
0.000000000000000000
0.000000000000000000
0.000000000000000000
0.000000000000000000
0.000000000000000000
0.000000000000000000
0.000000000000000000
0.000000000000000000
0.000000000000000000
0.000000000000000000
0.000000000000000000
0.000000000000000000
0.000000000000000000
0.000000000000000000
0.000000000000000000
0.000000000000000000
0.000000000000000000
0.000000000000000000
0.000000000000000000
0.000000000000000002
0.000000000000000008
0.000000000000000040
0.000000000000000011
0.000000000000000004
0.000000000000000002
0.000000000000000001
0.000000000000000001
0.000000000000000001
0.000000000000000001
0.000000000000000001
0.000000000000000000
0.000000000000000000
0.000000000000000000
0.000000000000000000
0.000000000000000000
0.000000000000000000
0.000000000000000000
0.000000000000000000
0.000000000000000000
0.000000000000000000
0.000000000000000000
0.000000000000000000
0.000000000000000000
0.000000000000000000
0.000000000000000000
0.000000000000000000
0.000000000000000000
0.000000000000000000
0.000000000000000000
0.000000000000000000
0.000000000000000000
0.000000000000000000
0.000000000000000000
0.000000000000000000
0.000000000000000000
0.000000000000000000
0.000000000000000000
0.000000000000000000
0.000000000000000000
0.000000000000000001
0.000000000000000004
0.000000000000000001
0.000000000000000000
0.000000000000000000
0.000000000000000000
0.000000000000000000
0.000000000000000000
0.000000000000000000
0.000000000000000000
0.000000000000000000
0.000000000000000000
0.000000000000000000
0.000000000000000000
0.000000000000000000
