-1.000000000000000000
-1.000000000000000000
-1.000000000000000000
-1.000000000000000000
0.772229560902248300
0.724578537773629100
0.680287712248823100
0.639177216070250500
0.601069385846343800
0.565790219838530100
0.533170540287403700
0.503046893279218700
0.475262216779059600
0.449666305452870000
0.426116098479966600
0.404475813902977100
0.384616950324207450
0.366418174063958800
0.349765107365196200
0.334550030963553500
0.320671512446045900
0.308033970398807800
0.296547183487046060
0.286125753397669270
0.276688531049453100
0.268158016606419750
0.260459745494244700
0.253521674542120160
0.247273584133125600
0.241646513274236250
0.236572244142976200
0.231982850343721740
0.227810318448730180
0.223986245485473270
0.220441606502327000
0.217106577436402850
0.213910390912705600
0.210781198201653500
0.207645911144517600
0.204430004979305160
0.201057278119298940
0.197449589904774430
0.193526635243082170
0.189205871185277600
0.184402793288868050
0.179031880554897770
0.173008698299645570
0.166253869537277530
0.158699860698528600
0.150301645573803400
0.141051995296124670
0.131000820947487720
0.120275027230959410
0.109090881478756470
0.097747539157810660
0.086593445801258950
0.075970158634457360
0.066153819935580420
0.057318294133405710
0.049530633131143350
0.042771617082775940
0.036966059053262744
0.032010655067115150
0.027794075617949925
0.024209089270782202
0.021158648553438394
0.018558115342975680
0.016335316294525663
0.014429534608593030
0.012790087208449144
0.011374834865850763
0.010148792572843303
0.009082907152857306
0.008153016941650026
0.007338983511433654
0.006623975289715559
0.005993880339458798
0.005436826555506129
0.004942789990899429
0.004503274889045145
0.004111051757868282
0.003759942269916706
0.003444641846897497
0.003160572499843362
0.002903759892816930
0.002670729743892728
0.002458419658846049
0.002264103439925217
0.002085326051165097
0.001919849193173973
0.001765610733310311
0.001620707836418935
0.001483426940067484
0.001352369266559043
0.001226763662531429
0.001107107832505121
0.000996246574105393
0.000900593704998930
0.000830018255421277
0.000793727962169863
0.000792335645451038
0.000814075598437989
0.000841831152658175
0.000863254566801965
0.000873889684461258
0.000874457790171824
0.000867558334143407
0.000855860269484978
0.000841493136556402
0.000825990851098338
0.000810408140313151
0.000795456682997594
0.000781616126044022
0.000769214710484044
0.000758485304808667
0.000749603946543204
0.000742716674377597
0.000737958834630797
0.000735469779983619
0.000735405005502191
0.000737947216870761
0.000743317523094654
0.000751787828262677
0.000763695530797317
0.000779461820976690
0.000799615223148252
0.000824822612695864
0.000855930842508955
0.000894023499063778
0.000940499435401775
0.000997183013174925
0.001066481095032317
0.001151609814694522
0.001256926620234152
0.001388422251765603
0.001554455406135963
0.001766848813853190
0.002042491959889944
0.002405532795480557
0.002889792536559368
0.003539232187682082
0.004398446947118519
0.005470836725719279
0.006609303926555785
0.007385269818857200
0.007258879632041265
0.006190079823803400
0.004750609951873232
0.003465836806207613
0.002502672160489201
0.001825944385615268
0.001356808085460623
0.001028698057589793
0.000795193169277105
0.000625684818485811
0.000500190001880319
0.000405552108689405
0.000332970699716114
0.000276449709886530
0.000231826196932245
0.000196156819707506
0.000167324518088718
0.000143782049244311
0.000124381813992002
0.000108260983158894
0.000094762662801581
0.000083380941414723
0.000073722018718130
0.000065476328910056
0.000058398290152719
0.000052291416288936
0.000046997246957110
0.000042387028532327
0.000038355398545133
0.000034815544136873
0.000031695454913250
0.000028934994271859
0.000026483586894846
0.000024298375328814
0.000022342741772093
0.000020585137690695
0.000018998246962997
0.000017558710407614
0.000016248213248365
0.000015058354647145
0.000014005349195422
0.000013160279289634
0.000012645224830905
0.000012427685356045
0.000012195455863468
0.000011788172089507
0.000011283943941974
0.000010770222507065
0.000010287013149945
0.000009847157579678
0.000009452700215762
0.000009102000693174
0.000008792433179718
0.000008521367381065
0.000008286510059532
0.000008086012792846
0.000007918499032470
0.000007783069204502
0.000007679307554518
0.000007607301037840
0.000007567676494916
0.000007561660685004
0.000007591169165154
0.000007658933795813
0.000007768681361698
0.000007925381152217
0.000008135588608984
0.000008407927516930
0.000008753774754215
0.000009188244067564
0.000009731625188003
0.000010411532112392
0.000011266184542594
0.000012349549126752
0.000013739624554898
0.000015552214234425
0.000017964621026093
0.000021257902877642
0.000025894917125831
0.000032668321812478
0.000042979450509197
0.000059298526718447
0.000085386036404347
0.000122636581205680
0.000152185903461307
0.000135552941988683
0.000090677887548831
0.000055499634263974
0.000034624296819583
0.000022628061139781
0.000015487192635957
0.000011028906329378
0.000008116893126329
0.000006138617921486
0.000004748991824039
0.000003744791424409
0.000003001379403058
0.000002439507248467
0.000002007162184319
0.000001669243916421
0.000001401477850002
0.000001186706427634
0.000001012565341106
0.000000869990496016
0.000000752234755281
0.000000654205306663
0.000000572008303362
0.000000502631836847
0.000000443722330444
0.000000393423732814
0.000000350259365888
0.000000313044402759
0.000000280821344813
0.000000252812102406
0.000000228381794044
0.000000207010599109
0.000000188272986799
0.000000171824106199
0.000000157393246516
0.000000144786098666
0.000000133903886714
0.000000124800638026
0.000000117830253807
0.000000113981768493
0.000000115211165225
0.000000121190733317
0.000000118936010384
0.000000104686574034
0.000000091289842059
0.000000081680217239
0.000000074653351786
0.000000069204166413
0.000000064777326535
0.000000061069332708
0.000000057904561309
0.000000055174524365
0.000000052808074267
0.000000050756070953
0.000000048983439881
0.000000047465170226
0.000000046183551138
0.000000045126409016
0.000000044286243445
0.000000043660154666
0.000000043250055546
0.000000043062673058
0.000000043109807973
0.000000043409526552
0.000000043988118865
0.000000044882132387
0.000000046141089088
0.000000047831915952
0.000000050046328492
0.000000052911718353
0.000000056606729591
0.000000061386300132
0.000000067624553178
0.000000075888237611
0.000000087066818361
0.000000102616190591
0.000000125044630185
0.000000158945825739
0.000000213338430759
0.000000307203707123
0.000000481482843545
0.000000801456518526
0.000001140503411700
0.000000918529857191
0.000000493935004642
0.000000260184013127
0.000000148728626556
0.000000092044510780
0.000000060655948045
0.000000041956546003
0.000000030141393202
0.000000022315566021
0.000000016930937758
0.000000013108854059
0.000000010324453714
0.000000008250605290
0.000000006676521688
0.000000005462426956
0.000000004512844051
0.000000003760696934
0.000000003158123908
0.000000002670624805
0.000000002272850192
0.000000001945663387
0.000000001674446605
0.000000001448086826
0.000000001258079007
0.000000001097713853
0.000000000961597738
0.000000000845468171
0.000000000745967468
0.000000000660377344
0.000000000586434659
0.000000000522287703
0.000000000466452955
0.000000000417723756
0.000000000375099504
0.000000000337791197
0.000000000305301729
0.000000000277644078
0.000000000256130743
0.000000000246135819
0.000000000262448140
0.000000000290164132
0.000000000259177570
0.000000000218319717
0.000000000189732773
0.000000000169288687
0.000000000153542856
0.000000000140769264
0.000000000130070720
0.000000000120917581
0.000000000112973839
0.000000000106029950
0.000000000099948362
0.000000000094606960
0.000000000089904368
0.000000000085774378
0.000000000082184626
0.000000000079095278
0.000000000076457855
0.000000000074243102
0.000000000072457694
0.000000000071109538
0.000000000070190347
0.000000000069701947
0.000000000069685260
0.000000000070207177
0.000000000071330721
0.000000000073133459
0.000000000075763077
0.000000000079447406
0.000000000084485971
0.000000000091303126
0.000000000100572801
0.000000000113403320
0.000000000131627268
0.000000000158433755
0.000000000199901732
0.000000000268751743
0.000000000394452748
0.000000000652392643
0.000000001215480778
0.000000001856626027
0.000000001184611969
0.000000000516101744
0.000000000246462536
0.000000000133521185
0.000000000079532210
0.000000000050736366
0.000000000034047542
0.000000000023742184
0.000000000017059960
0.000000000012559037
0.000000000009432417
0.000000000007201581
0.000000000005573350
0.000000000004364373
0.000000000003453093
0.000000000002756025
0.000000000002215950
0.000000000001793264
0.000000000001459774
0.000000000001194422
0.000000000000981189
0.000000000000808728
0.000000000000668514
0.000000000000553635
0.000000000000458699
0.000000000000379996
0.000000000000314879
0.000000000000260212
0.000000000000213871
0.000000000000174318
0.000000000000140430
0.000000000000111004
0.000000000000085078
0.000000000000061913
0.000000000000041097
0.000000000000022762
0.000000000000009269
0.000000000000011787
0.000000000000082721
0.000000000000382752
0.000000000000533875
0.000000000000359364
0.000000000000243659
0.000000000000180327
0.000000000000142243
0.000000000000117364
0.000000000000100013
0.000000000000087241
0.000000000000077510
0.000000000000069983
0.000000000000064086
0.000000000000059369
0.000000000000055602
0.000000000000052734
0.000000000000050637
0.000000000000048811
0.000000000000047466
0.000000000000046701
0.000000000000046510
0.000000000000046712
0.000000000000047319
0.000000000000048450
0.000000000000050208
0.000000000000052555
0.000000000000055540
0.000000000000059374
0.000000000000064490
0.000000000000071025
0.000000000000079355
0.000000000000090252
0.000000000000104876
0.000000000000124824
0.000000000000152880
0.000000000000194287
0.000000000000259075
0.000000000000368050
0.000000000000571431
0.000000000001011386
0.000000000002148997
0.000000000004708108
0.000000000003823724
0.000000000001551439
0.000000000000717975
0.000000000000394041
0.000000000000242961
0.000000000000162341
0.000000000000115014
0.000000000000085155
0.000000000000065091
0.000000000000051053
0.000000000000040958
0.000000000000033480
0.000000000000027759
0.000000000000023287
0.000000000000019749
0.000000000000016978
0.000000000000014720
0.000000000000012841
0.000000000000011300
0.000000000000010025
0.000000000000008932
0.000000000000007992
0.000000000000007178
0.000000000000006485
0.000000000000005888
0.000000000000005455
0.000000000000005029
0.000000000000004620
0.000000000000004252
0.000000000000003935
0.000000000000003676
0.000000000000003466
0.000000000000003288
0.000000000000003152
0.000000000000003102
0.000000000000003186
0.000000000000003530
0.000000000000004494
0.000000000000007512
0.000000000000015617
0.000000000000012761
0.000000000000006146
0.000000000000003793
0.000000000000002836
0.000000000000002348
0.000000000000002047
0.000000000000001848
0.000000000000001712
0.000000000000001612
0.000000000000001531
0.000000000000001475
0.000000000000001437
0.000000000000001406
0.000000000000001386
0.000000000000001369
0.000000000000001352
0.000000000000001353
0.000000000000001364
0.000000000000001385
0.000000000000001413
0.000000000000001450
0.000000000000001496
0.000000000000001553
0.000000000000001626
0.000000000000001721
0.000000000000001836
0.000000000000001966
0.000000000000002133
0.000000000000002339
0.000000000000002606
0.000000000000002985
0.000000000000003491
0.000000000000004209
0.000000000000005284
0.000000000000006960
0.000000000000009776
0.000000000000015167
0.000000000000027634
0.000000000000063506
0.000000000000147918
0.000000000000085129
0.000000000000029742
0.000000000000013238
0.000000000000007072
0.000000000000004219
0.000000000000002736
0.000000000000001888
0.000000000000001364
0.000000000000001010
0.000000000000000772
0.000000000000000607
0.000000000000000480
0.000000000000000388
0.000000000000000318
0.000000000000000265
0.000000000000000227
0.000000000000000195
0.000000000000000168
0.000000000000000148
0.000000000000000131
0.000000000000000115
0.000000000000000102
0.000000000000000091
0.000000000000000081
0.000000000000000071
0.000000000000000062
0.000000000000000055
0.000000000000000049
0.000000000000000043
0.000000000000000040
0.000000000000000037
0.000000000000000034
0.000000000000000031
0.000000000000000029
0.000000000000000027
0.000000000000000027
0.000000000000000029
0.000000000000000034
0.000000000000000053
0.000000000000000080
0.000000000000000036
0.000000000000000019
0.000000000000000014
0.000000000000000013
0.000000000000000011
0.000000000000000010
0.000000000000000010
0.000000000000000010
0.000000000000000009
0.000000000000000009
0.000000000000000010
0.000000000000000009
0.000000000000000009
0.000000000000000009
0.000000000000000011
0.000000000000000011
0.000000000000000012
0.000000000000000011
0.000000000000000012
0.000000000000000014
0.000000000000000015
0.000000000000000016
0.000000000000000017
0.000000000000000019
0.000000000000000022
0.000000000000000022
0.000000000000000024
0.000000000000000026
0.000000000000000027
0.000000000000000030
0.000000000000000034
0.000000000000000039
0.000000000000000047
0.000000000000000058
0.000000000000000075
0.000000000000000104
0.000000000000000168
0.000000000000000336
0.000000000000000912
0.000000000000001268
0.000000000000000376
0.000000000000000135
0.000000000000000063
0.000000000000000035
0.000000000000000021
0.000000000000000014
0.000000000000000009
0.000000000000000007
0.000000000000000005
0.000000000000000004
0.000000000000000003
0.000000000000000002
0.000000000000000002
0.000000000000000001
0.000000000000000001
0.000000000000000001
0.000000000000000001
0.000000000000000001
0.000000000000000000
0.000000000000000000
0.000000000000000000
0.000000000000000000
0.000000000000000000
0.000000000000000000
0.000000000000000000
0.000000000000000000
0.000000000000000000
0.000000000000000001
0.000000000000000001
0.000000000000000001
0.000000000000000001
0.000000000000000001
0.000000000000000001
0.000000000000000001
0.000000000000000001
0.000000000000000001
0.000000000000000001
0.000000000000000003
0.000000000000000027
0.000000000000000041
0.000000000000000022
0.000000000000000015
0.000000000000000011
0.000000000000000009
0.000000000000000007
0.000000000000000006
0.000000000000000005
0.000000000000000004
0.000000000000000003
0.000000000000000003
0.000000000000000002
0.000000000000000001
0.000000000000000001
0.000000000000000001
0.000000000000000000
0.000000000000000000
0.000000000000000000
0.000000000000000000
0.000000000000000000
0.000000000000000000
0.000000000000000000
0.000000000000000000
0.000000000000000000
0.000000000000000000
0.000000000000000000
0.000000000000000001
0.000000000000000001
0.000000000000000001
0.000000000000000001
0.000000000000000001
0.000000000000000001
0.000000000000000001
0.000000000000000002
0.000000000000000002
0.000000000000000004
0.000000000000000008
0.000000000000000017
0.000000000000000054
0.000000000000000143
0.000000000000000048
0.000000000000000017
0.000000000000000008
0.000000000000000004
0.000000000000000003
0.000000000000000002
0.000000000000000001
0.000000000000000000
0.000000000000000000
0.000000000000000000
0.000000000000000000
0.000000000000000000
0.000000000000000000
0.000000000000000001
0.000000000000000000
0.000000000000000000
0.000000000000000000
0.000000000000000000
0.000000000000000000
0.000000000000000000
0.000000000000000000
0.000000000000000000
0.000000000000000000
0.000000000000000000
0.000000000000000000
0.000000000000000000
0.000000000000000000
0.000000000000000000
0.000000000000000000
0.000000000000000000
0.000000000000000000
0.000000000000000000
0.000000000000000000
0.000000000000000000
0.000000000000000000
0.000000000000000001
0.000000000000000003
0.000000000000000014
0.000000000000000080
0.000000000000000086
0.000000000000000029
0.000000000000000014
0.000000000000000009
0.000000000000000005
0.000000000000000003
0.000000000000000002
0.000000000000000002
0.000000000000000001
0.000000000000000001
0.000000000000000001
0.000000000000000000
0.000000000000000000
0.000000000000000000
0.000000000000000000
0.000000000000000000
0.000000000000000000
0.000000000000000000
0.000000000000000000
0.000000000000000000
0.000000000000000000
0.000000000000000000
0.000000000000000000
0.000000000000000000
0.000000000000000000
0.000000000000000000
0.000000000000000000
0.000000000000000000
0.000000000000000000
0.000000000000000000
0.000000000000000000
0.000000000000000000
0.000000000000000000
0.000000000000000000
0.000000000000000000
0.000000000000000000
0.000000000000000000
0.000000000000000002
0.000000000000000008
0.000000000000000027
0.000000000000000009
0.000000000000000004
0.000000000000000002
0.000000000000000002
0.000000000000000001
0.000000000000000001
0.000000000000000001
0.000000000000000001
0.000000000000000001
0.000000000000000001
0.000000000000000001
0.000000000000000000
0.000000000000000000
0.000000000000000000
0.000000000000000000
0.000000000000000000
0.000000000000000000
0.000000000000000000
0.000000000000000000
0.000000000000000000
0.000000000000000000
0.000000000000000000
0.000000000000000000
0.000000000000000000
0.000000000000000000
0.000000000000000000
0.000000000000000000
0.000000000000000000
0.000000000000000000
0.000000000000000000
0.000000000000000000
0.000000000000000000
0.000000000000000001
0.000000000000000001
0.000000000000000001
0.000000000000000002
0.000000000000000005
0.000000000000000016
0.000000000000000068
0.000000000000000031
0.000000000000000009
0.000000000000000004
0.000000000000000002
0.000000000000000001
0.000000000000000001
0.000000000000000000
0.000000000000000000
0.000000000000000000
0.000000000000000000
0.000000000000000000
0.000000000000000000
0.000000000000000000
0.000000000000000000
0.000000000000000000
0.000000000000000000
0.000000000000000000
0.000000000000000000
0.000000000000000000
0.000000000000000000
0.000000000000000000
0.000000000000000000
0.000000000000000000
0.000000000000000000
0.000000000000000000
0.000000000000000000
0.000000000000000000
0.000000000000000000
0.000000000000000000
0.000000000000000000
0.000000000000000000
0.000000000000000000
0.000000000000000000
0.000000000000000000
0.000000000000000000
0.000000000000000001
0.000000000000000003
0.000000000000000010
0.000000000000000051
0.000000000000000063
0.000000000000000016
0.000000000000000006
0.000000000000000003
0.000000000000000003
0.000000000000000002
0.000000000000000002
0.000000000000000002
0.000000000000000001
0.000000000000000001
0.000000000000000001
0.000000000000000001
0.000000000000000001
0.000000000000000000
0.000000000000000000
0.000000000000000000
0.000000000000000000
0.000000000000000000
0.000000000000000000
0.000000000000000000
0.000000000000000000
0.000000000000000000
0.000000000000000000
0.000000000000000000
0.000000000000000000
0.000000000000000000
0.000000000000000000
0.000000000000000000
0.000000000000000000
0.000000000000000000
0.000000000000000000
0.000000000000000000
0.000000000000000000
0.000000000000000001
0.000000000000000001
0.000000000000000001
0.000000000000000003
0.000000000000000006
0.000000000000000022
0.000000000000000049
0.000000000000000010
0.000000000000000003
0.000000000000000001
0.000000000000000001
0.000000000000000000
0.000000000000000000
0.000000000000000000
0.000000000000000000
0.000000000000000000
0.000000000000000000
0.000000000000000000
0.000000000000000000
0.000000000000000000
0.000000000000000000
0.000000000000000000
0.000000000000000000
0.000000000000000000
0.000000000000000000
0.000000000000000000
0.000000000000000000
0.000000000000000000
0.000000000000000000
0.000000000000000000
0.000000000000000000
0.000000000000000000
0.000000000000000000
0.000000000000000000
0.000000000000000000
0.000000000000000000
0.000000000000000000
0.000000000000000000
0.000000000000000000
0.000000000000000000
0.000000000000000000
0.000000000000000000
0.000000000000000000
0.000000000000000002
0.000000000000000008
0.000000000000000040
0.000000000000000011
0.000000000000000004
0.000000000000000002
0.000000000000000001
0.000000000000000001
0.000000000000000001
0.000000000000000001
0.000000000000000001
0.000000000000000000
0.000000000000000000
0.000000000000000000
0.000000000000000000
0.000000000000000000
0.000000000000000000
0.000000000000000000
0.000000000000000000
0.000000000000000000
0.000000000000000000
0.000000000000000000
0.000000000000000000
0.000000000000000000
0.000000000000000000
0.000000000000000000
0.000000000000000000
0.000000000000000000
0.000000000000000000
0.000000000000000000
0.000000000000000000
0.000000000000000000
0.000000000000000000
0.000000000000000000
0.000000000000000000
0.000000000000000000
0.000000000000000000
0.000000000000000000
0.000000000000000000
0.000000000000000000
0.000000000000000001
0.000000000000000004
0.000000000000000001
0.000000000000000000
0.000000000000000000
0.000000000000000000
0.000000000000000000
0.000000000000000000
0.000000000000000000
0.000000000000000000
0.000000000000000000
0.000000000000000000
0.000000000000000000
0.000000000000000000
0.000000000000000000
