-1.000000000000000000
-1.000000000000000000
-1.000000000000000000
-1.000000000000000000
-1.000000000000000000
-1.000000000000000000
-1.000000000000000000
-1.000000000000000000
-1.000000000000000000
-1.000000000000000000
-1.000000000000000000
-1.000000000000000000
0.777323734632712500
0.761345058937518100
0.745734455144614600
0.730485721396061200
0.715592656831866500
0.701049068653252900
0.686848778774965000
0.672985630080422900
0.659453492291389300
0.646246267463524300
0.633357895122561500
0.620782357051698600
0.608513681742692600
0.596545948524278000
0.584873291378382000
0.573489902457401300
0.562390035313290700
0.551568007851359300
0.541018205018418000
0.530735081238401300
0.520713162604185700
0.510947048837729600
0.501431415027845400
0.492161013155864000
0.483130673419075840
0.474335305360017300
0.465769898811918440
0.457429524668227950
0.449309335483826950
0.441404565917247360
0.433710533019976030
0.426222636380454050
0.418936358130144000
0.411847262817451270
0.404950997155815300
0.398243289651792000
0.391719950118770030
0.385376869081110100
0.379210017073585700
0.373215443841348000
0.367389277443576000
0.361727723265197400
0.356227062941078900
0.350883653194774700
0.345693924596294100
0.340654380241103950
0.335761594353245200
0.331012210815690900
0.326402941629657550
0.321930565305386000
0.317591925187368230
0.313383927714770000
0.309303540620096500
0.305347791068135300
0.301513763736424360
0.297798598840634700
0.294199490105373830
0.290713682684456700
0.287338471031921560
0.284071196726705900
0.280909246253859270
0.277850048745930100
0.274891073687038100
0.272029828583926600
0.269263856608579160
0.266590734215799700
0.264008068741863200
0.261513495989053800
0.259104677801817700
0.256779299641374970
0.254535068165113700
0.252369708817834900
0.250280963442898400
0.248266587920853180
0.246324349843580950
0.244452026233029280
0.242647401312531460
0.240908264339547150
0.239232407508745250
0.237617623933204990
0.236061705712478140
0.234562442094574100
0.233117617739521200
0.231725011089860850
0.230382392854449750
0.229087524608926230
0.227838157516443900
0.226632031170077770
0.225466872557245230
0.224340395144620400
0.223250298081038700
0.222194265513132340
0.221169966007849880
0.220175052073835600
0.219207159772052850
0.218263908404694700
0.217342900270109330
0.216441720470397600
0.215557936756970380
0.214689099399430840
0.213832741062170480
0.212986376672987860
0.212147503269114440
0.211313599805208420
0.210482126910541400
0.209650526582666340
0.208816221807781170
0.207976616098859870
0.207129092947131940
0.206271015184089050
0.205399724255568380
0.204512539413612050
0.203606756836619700
0.202679648693094500
0.201728462171510300
0.200750418504318200
0.199742712023118770
0.198702509289582140
0.197626948358055700
0.196513138235179820
0.195358158616599050
0.194159059993697650
0.192912864240613460
0.191616565810294300
0.190267133689233180
0.188861514284423020
0.187396635442651620
0.185869411831856800
0.184276751946755750
0.182615567036486040
0.180882782289531400
0.179075350651076300
0.177190269687379940
0.175224601950419060
0.173175499330122360
0.171040231907654900
0.168816221836397000
0.166501082770117550
0.164092665322735120
0.161589108969905050
0.158988900676383020
0.156290940342316750
0.153494612888348120
0.150599866431188830
0.147607295525285650
0.144518227854156600
0.141334812053639760
0.138060103553776740
0.134698144480494160
0.131254032823903200
0.127733975357359590
0.124145318298955020
0.120496549591337520
0.116797267079498210
0.113058107915068730
0.109290636273715320
0.105507188915188430
0.101720681103330000
0.097944378665707520
0.094191645138085590
0.090475675580375640
0.086809230363348980
0.083204382709969470
0.079672292912116170
0.076223020020419950
0.072865378711881870
0.069606845400813700
0.066453513953785850
0.063410098036092060
0.060479974482684850
0.057665260329647430
0.054966915288948520
0.052384861406393700
0.049918112235211780
0.047564904880466110
0.045322829521478430
0.043188952330561595
0.041159928951259150
0.039232106796300450
0.037401615333535840
0.035664444236687970
0.034016509797347500
0.032453710348493020
0.030971971666548342
0.029567283428057250
0.028235727826395190
0.026973501426528546
0.025776931271443662
0.024642486167467816
0.023566783978532554
0.022546595659278076
0.021578846659613130
0.020660616241973360
0.019789135169150245
0.018961782146079152
0.018176079333628237
0.017429687195618413
0.016720398891721666
0.016046134387731396
0.015404934419882351
0.014794954421085827
0.014214458492830172
0.013661813486854895
0.013135483244516698
0.012634023028664496
0.012156074172306483
0.011700358959888470
0.011265675750283286
0.010850894345389566
0.010454951604072348
0.010076847298144741
0.009715640204679785
0.009370444427279273
0.009040425937669376
0.008724799328218381
0.008422824765484430
0.008133805134612874
0.007857083364417346
0.007592039923015966
0.007338090474144919
0.007094683684543188
0.006861299173139383
0.006637445593194070
0.006422658838911609
0.006216500368517577
0.006018555636168471
0.005828432625539796
0.005645760478309392
0.005470188211197506
0.005301383515588287
0.005139031634151845
0.004982834309223028
0.004832508798061510
0.004687786950401060
0.004548414344031416
0.004414149474422395
0.004284762994657319
0.004160037002224743
0.004039764369405512
0.003923748114246891
0.003811800809291399
0.003703744025434708
0.003599407808445023
0.003498630185853852
0.003401256702066615
0.003307139979693438
0.003216139305224023
0.003128120237301897
0.003042954235960231
0.002960518311303947
0.002880694690223059
0.002803370499824789
0.002728437466383224
0.002655791628706202
0.002585333064932359
0.002516965631892742
0.002450596716303279
0.002386136997211565
0.002323500219298805
0.002262602976857707
0.002203364508532599
0.002145706503241692
0.002089552918104269
0.002034829809738008
0.001981465180924881
0.001929388845512752
0.001878532315459089
0.001828828715293744
0.001780212730979841
0.001732620602317378
0.001685990170743978
0.001640260997774204
0.001595374573491657
0.001551274639629909
0.001507907657891105
0.001465223461378607
0.001423176135208989
0.001381725181280276
0.001340837031089173
0.001300486978168116
0.001260661605933707
0.001221361783987811
0.001182606290822085
0.001144436085778606
0.001106919187728310
0.001070156009742479
0.001034284834938897
0.000999486888968949
0.000965990170450430
0.000934070865806931
0.000904050860837571
0.000876289680500986
0.000851169306188664
0.000829070927187248
0.000810343924850155
0.000795269246050027
0.000784021491763117
0.000776635890236015
0.000772987008641957
0.000772784901146193
0.000775591301180439
0.000780854181371559
0.000787954907864778
0.000796259719874445
0.000805167130567925
0.000814144856729864
0.000822753068253790
0.000830653928363155
0.000837609711980115
0.000843472923422382
0.000848171926955889
0.000851695028203681
0.000854075091782621
0.000855375937052854
0.000855681072674664
0.000855084857955300
0.000853685896930855
0.000851582334806983
0.000848868687448317
0.000845633852690221
0.000841959998291445
0.000837922076727561
0.000833587771152657
0.000829017724515028
0.000824265943186816
0.000819380297601549
0.000814403066186356
0.000809371486564342
0.000804318290890070
0.000799272211319733
0.000794258447973700
0.000789299096082691
0.000784413531838657
0.000779618758258124
0.000774929713456454
0.000770359544278139
0.000765919848464852
0.000761620888588955
0.000757471780835515
0.000753480661537670
0.000749654834156549
0.000746000899120874
0.000742524868711004
0.000739232268956332
0.000736128230256827
0.000733217568273028
0.000730504856452459
0.000727994491364810
0.000725690751919840
0.000723597853409517
0.000721719997176869
0.000720061416670822
0.000718626420547999
0.000717419433384615
0.000716445034565466
0.000715707995832503
0.000715213317914650
0.000714966266703376
0.000714972409346880
0.000715237650621751
0.000715768270002784
0.000716570959749793
0.000717652864371178
0.000719021621881206
0.000720685407170669
0.000722652977899797
0.000724933723371598
0.000727537716750723
0.000730475771146899
0.000733759500097611
0.000737401382926183
0.000741414835664721
0.000745814288205932
0.000750615268355310
0.000755834493718504
0.000761489972295746
0.000767601112768726
0.000774188845759610
0.000781275757269501
0.000788886235756850
0.000797046634636364
0.000805785451930617
0.000815133529257419
0.000825124272660375
0.000835793897854056
0.000847181703141634
0.000859330373611676
0.000872286320507500
0.000886100060646731
0.000900826641181863
0.000916526115690040
0.000933264078911413
0.000951112268073417
0.000970149240072571
0.000990461135567946
0.001012142542096025
0.001035297470611447
0.001060040462226546
0.001086497843837263
0.001114809154921329
0.001145128771001118
0.001177627752563612
0.001212495953449957
0.001249944427005178
0.001290208173361482
0.001333549277938112
0.001380260496176864
0.001430669345618928
0.001485142772391677
0.001544092461289448
0.001607980859881530
0.001677327982251676
0.001752719042063717
0.001834812937161816
0.001924351555168788
0.002022169780209675
0.002129205940792976
0.002246512213286723
0.002375264149937001
0.002516767981043250
0.002672463562091873
0.002843919704611482
0.003032817012914995
0.003240911095351629
0.003469966014291396
0.003721644046913125
0.003997333485978446
0.004297892148950205
0.004623282362218394
0.004972077095210544
0.005340832650993755
0.005723359009483941
0.006109982396710705
0.006486986496520146
0.006836520101135298
0.007137319017357874
0.007366527069328763
0.007502639767770888
0.007529143127320388
0.007437942690461117
0.007231464550987918
0.006922599008394607
0.006532405751595646
0.006086333830455357
0.005610167406597809
0.005126783402286850
0.004654274888590897
0.004205416778509164
0.003788094265303139
0.003406230291823732
0.003060840476090251
0.002750991924366343
0.002474570119035354
0.002228840037964150
0.002010828260611327
0.001817566122443328
0.001646232855257631
0.001494230763595296
0.001359216494644837
0.001239105364121391
0.001132060184792329
0.001036472030325789
0.000950937569154564
0.000874235757677619
0.000805305467434836
0.000743224851706007
0.000687192803807718
0.000636512570838642
0.000590577435305877
0.000548858306624634
0.000510893018042260
0.000476277128215492
0.000444656035171074
0.000415718216965303
0.000389189444937963
0.000364827827524209
0.000342419559089542
0.000321775275448145
0.000302726921524903
0.000285125055289998
0.000268836527502242
0.000253742476151537
0.000239736593135368
0.000226723624287621
0.000214618064598152
0.000203343026155910
0.000192829251499413
0.000183014250598226
0.000173841549130964
0.000165260027722944
0.000157223342047886
0.000149689415001477
0.000142619986457110
0.000135980217858228
0.000129738342955119
0.000123865356271184
0.000118334739625399
0.000113122217513211
0.000108205538879153
0.000103564285030886
0.000099179695405967
0.000095034513236873
0.000091112848173986
0.000087400050590918
0.000083882601429209
0.000080548011940948
0.000077384732418674
0.000074382072533907
0.000071530126801248
0.000068819708249919
0.000066242289590072
0.000063789947215372
0.000061455312973473
0.000059231529485800
0.000057112208184874
0.000055091393876264
0.000053163529937099
0.000051323427320797
0.000049566237722403
0.000047887426239040
0.000046282748821633
0.000044748230977877
0.000043280146672163
0.000041875001818123
0.000040529516674118
0.000039240610217297
0.000038005387417716
0.000036821124611731
0.000035685258437635
0.000034595375114107
0.000033549198810556
0.000032544583831105
0.000031579504949687
0.000030652048927503
0.000029760408409600
0.000028902873275796
0.000028077825045752
0.000027283731203707
0.000026519138121457
0.000025782667481553
0.000025073010469383
0.000024388922852385
0.000023729222206024
0.000023092782311251
0.000022478530501876
0.000021885444748002
0.000021312549284838
0.000020758913810126
0.000020223650465945
0.000019705912074851
0.000019204892918886
0.000018719827363774
0.000018249992654404
0.000017794712901768
0.000017353364073600
0.000016925385985240
0.000016510296781452
0.000016107715764740
0.000015717398205212
0.000015339281078526
0.000014973550444567
0.000014620731325301
0.000014281803050413
0.000013958342952048
0.000013652677392252
0.000013368003225858
0.000013108393673593
0.000012878538174307
0.000012683033345385
0.000012525085581975
0.000012404756935821
0.000012317383062469
0.000012253195045081
0.000012198926856803
0.000012141038879566
0.000012069005898551
0.000011977107931575
0.000011864288528954
0.000011732777117066
0.000011586460527464
0.000011429615179214
0.000011266165785590
0.000011099369981553
0.000010931761739556
0.000010765226211933
0.000010601116832756
0.000010440373886327
0.000010283629875576
0.000010131290574468
0.000009983599134742
0.000009840684117483
0.000009702592210698
0.000009569315141429
0.000009440806852993
0.000009316995693701
0.000009197795426747
0.000009083109800848
0.000008972838126996
0.000008866879086462
0.000008765131204296
0.000008667496438986
0.000008573880136386
0.000008484191318371
0.000008398344893375
0.000008316259848548
0.000008237860687596
0.000008163077791815
0.000008091845754906
0.000008024105546658
0.000007959803048114
0.000007898888893535
0.000007841320062959
0.000007787057594956
0.000007736068170688
0.000007688324045769
0.000007643801479957
0.000007602483087801
0.000007564356065997
0.000007529412483664
0.000007497650850125
0.000007469073773736
0.000007443690096038
0.000007421514579038
0.000007402566652909
0.000007386873151959
0.000007374466269924
0.000007365384511995
0.000007359674304886
0.000007357387652510
0.000007358585059049
0.000007363334944250
0.000007371712900139
0.000007383805010994
0.000007399705515440
0.000007419518794868
0.000007443361107223
0.000007471358402168
0.000007503650505013
0.000007540390259985
0.000007581743802694
0.000007627894862802
0.000007679042275161
0.000007735403859037
0.000007797218515773
0.000007864744827570
0.000007938267506525
0.000008018096545478
0.000008104569853189
0.000008198059462128
0.000008298969737956
0.000008407745168390
0.000008524873743121
0.000008650888409577
0.000008786378203068
0.000008931989002074
0.000009088432254457
0.000009256495853479
0.000009437046593193
0.000009631047322714
0.000009839565561286
0.000010063784813214
0.000010305027736112
0.000010564765889552
0.000010844646433844
0.000011146518379094
0.000011472453867111
0.000011824793271710
0.000012206177455159
0.000012619596024411
0.000013068452063015
0.000013556616068338
0.000014088518298279
0.000014669241707469
0.000015304630412079
0.000016001446486720
0.000016767523481230
0.000017611982498303
0.000018545492376340
0.000019580562092310
0.000020731948616401
0.000022017115265354
0.000023456816205348
0.000025075845957205
0.000026903906707528
0.000028976748434368
0.000031337529013892
0.000034038446235330
0.000037142751193747
0.000040726950238288
0.000044883218583813
0.000049721594575999
0.000055371052184177
0.000061978035637224
0.000069699040819009
0.000078681829757206
0.000089026267322825
0.000100711885264531
0.000113480939596562
0.000126680913889885
0.000139119033895350
0.000149063776078577
0.000154574571084291
0.000154197721990891
0.000147688452010406
0.000136195985637522
0.000121726063023457
0.000106317416506170
0.000091482683360304
0.000078075848993879
0.000066425303563716
0.000056534173997044
0.000048243267625946
0.000041334194908654
0.000035584558963815
0.000030792702560406
0.000026786104795660
0.000023421672060444
0.000020582654245477
0.000018174636093975
0.000016121476366088
0.000014361792573748
0.000012846012545510
0.000011533947880105
0.000010392913223598
0.000009396187354863
0.000008521822960983
0.000007751716627498
0.000007070844131704
0.000006466692406938
0.000005928782239066
0.000005448294470506
0.000005017784236068
0.000004630926487634
0.000004282335002405
0.000003967401716619
0.000003682164665250
0.000003423213982229
0.000003187594979646
0.000002972744673024
0.000002776432415958
0.000002596705573614
0.000002431857712726
0.000002280386096945
0.000002140967191144
0.000002012433698051
0.000001893747985925
0.000001783992431095
0.000001682348243446
0.000001588084762914
0.000001500551315420
0.000001419161508587
0.000001343391981497
0.000001272770878217
0.000001206871941942
0.000001145313246358
0.000001087746164272
0.000001033857193924
0.000000983361656558
0.000000935999062946
0.000000891535420410
0.000000849754568902
0.000000810460685813
0.000000773475442709
0.000000738633228806
0.000000705785381318
0.000000674793156728
0.000000645529661941
0.000000617879682680
0.000000591734311643
0.000000566996038083
0.000000543573284972
0.000000521381068184
0.000000500343008611
0.000000480385430114
0.000000461442469377
0.000000443452348940
0.000000426356428582
0.000000410102932886
0.000000394640881110
0.000000379924510195
0.000000365911465119
0.000000352560202628
0.000000339834889619
0.000000327699676125
0.000000316121866275
0.000000305072091511
0.000000294520280412
0.000000284441106072
0.000000274809142745
0.000000265600400698
0.000000256794371347
0.000000248368978207
0.000000240305923038
0.000000232587197484
0.000000225194811815
0.000000218114415645
0.000000211329778106
0.000000204827423939
0.000000198594829806
0.000000192618402135
0.000000186888223773
0.000000181392668073
0.000000176121830093
0.000000171067557425
0.000000166219946247
0.000000161572677629
0.000000157118359968
0.000000152850445605
0.000000148765079146
0.000000144856582512
0.000000141122873381
0.000000137562111254
0.000000134173086149
0.000000130958835735
0.000000127921882208
0.000000125069539913
0.000000122412660045
0.000000119965148297
0.000000117749806973
0.000000115794859642
0.000000114139864850
0.000000112837746879
0.000000111953714092
0.000000111570329478
0.000000111776425345
0.000000112649600071
0.000000114211815526
0.000000116342032017
0.000000118675332969
0.000000120548273883
0.000000121148218994
0.000000119899799122
0.000000116800822995
0.000000112385450327
0.000000107364146544
0.000000102307226733
0.000000097549774603
0.000000093229394749
0.000000089368868635
0.000000085936334615
0.000000082877652869
0.000000080139510399
0.000000077671500682
0.000000075430931169
0.000000073383989708
0.000000071500554223
0.000000069758569737
0.000000068138944305
0.000000066625574412
0.000000065207287015
0.000000063872312278
0.000000062612825183
0.000000061421833614
0.000000060292204632
0.000000059220257954
0.000000058200426388
0.000000057229298257
0.000000056304211460
0.000000055421019843
0.000000054578626971
0.000000053773972527
0.000000053005055574
0.000000052271100022
0.000000051569158522
0.000000050899082654
0.000000050259144124
0.000000049647771493
0.000000049065171958
0.000000048509042587
0.000000047979540297
0.000000047475840934
0.000000046996471056
0.000000046542205538
0.000000046111230372
0.000000045703719295
0.000000045319565714
0.000000044957308650
0.000000044618055744
0.000000044300467885
0.000000044004604600
0.000000043730974914
0.000000043478155497
0.000000043247437381
0.000000043037995661
0.000000042849735090
0.000000042683714124
0.000000042538632252
0.000000042415872145
0.000000042315186150
0.000000042236350800
0.000000042180934161
0.000000042147885806
0.000000042138643551
0.000000042153620593
0.000000042192554987
0.000000042257521081
0.000000042347889106
0.000000042465183165
0.000000042610597089
0.000000042783995008
0.000000042988017651
0.000000043222690933
0.000000043489753501
0.000000043791374646
0.000000044127818619
0.000000044502468490
0.000000044916358720
0.000000045371729323
0.000000045872074879
0.000000046418523688
0.000000047015597109
0.000000047665926998
0.000000048372832031
0.000000049141804326
0.000000049975672391
0.000000050880934521
0.000000051862909730
0.000000052927163631
0.000000054082555553
0.000000055335253126
0.000000056695532103
0.000000058173621528
0.000000059779830794
0.000000061529371239
0.000000063435284532
0.000000065515717602
0.000000067790815845
0.000000070281443914
0.000000073016259551
0.000000076023675121
0.000000079339908996
0.000000083007638621
0.000000087073410068
0.000000091598215667
0.000000096649043383
0.000000102308963344
0.000000108679616564
0.000000115878543400
0.000000124057220678
0.000000133395175407
0.000000144117367101
0.000000156508488172
0.000000170917697640
0.000000187799503933
0.000000207726031024
0.000000231435116442
0.000000259889313179
0.000000294319957735
0.000000336336606429
0.000000387978788240
0.000000451762320807
0.000000530591754525
0.000000627214843916
0.000000742911984186
0.000000874479420233
0.000001009389427295
0.000001121643051330
0.000001175998431719
0.000001147523914906
0.000001042298215036
0.000000893622504649
0.000000737895434489
0.000000597699589760
0.000000481240898354
0.000000388296268400
0.000000315353138506
0.000000258340118796
0.000000213626262083
0.000000178317608186
0.000000150193263083
0.000000127576333794
0.000000109220585765
0.000000094182639145
0.000000081755944616
0.000000071403433107
0.000000062710049562
0.000000055359996855
0.000000049102578858
0.000000043742684327
0.000000039126015523
0.000000035126686516
0.000000031646363618
0.000000028602761985
0.000000025929541121
0.000000023572839688
0.000000021486235171
0.000000019633123484
0.000000017981432979
