-1.000000000000000000
-1.000000000000000000
-1.000000000000000000
-1.000000000000000000
0.772229560902248300
0.724578537773629100
0.680287712248823100
0.639177216070250500
0.601069385846343800
0.565790219838530100
0.533170540287403700
0.503046893279218700
0.475262216779059600
0.449666305452870000
0.426116098479966600
0.404475813902977100
0.384616950324207450
0.366418174063958800
0.349765107365196200
0.334550030963553500
0.320671512446045900
0.308033970398807800
0.296547183487046060
0.286125753397669270
0.276688531049453100
0.268158016606419750
0.260459745494244700
0.253521674542120160
0.247273584133125600
0.241646513274236250
0.236572244142976200
0.231982850343721740
0.227810318448730180
0.223986245485473270
0.220441606502327000
0.217106577436402850
0.213910390912705600
0.210781198201653500
0.207645911144517600
0.204430004979305160
0.201057278119298940
0.197449589904774430
0.193526635243082170
0.189205871185277600
0.184402793288868050
0.179031880554897770
0.173008698299645570
0.166253869537277530
0.158699860698528600
0.150301645573803400
0.141051995296124670
0.131000820947487720
0.120275027230959410
0.109090881478756470
0.097747539157810660
0.086593445801258950
0.075970158634457360
0.066153819935580420
0.057318294133405710
0.049530633131143350
0.042771617082775940
0.036966059053262744
0.032010655067115150
0.027794075617949637
0.024209089270782202
0.021158648553438394
0.018558115342975755
0.016335316294525677
0.014429534608593030
0.012790087208449144
0.011374834865850763
0.010148792572843303
0.009082907152857306
0.008153016941649965
0.007338983511433654
0.006623975289715642
0.005993880339458824
0.005436826555506129
0.004942789990899433
0.004503274889045122
0.004111051757868282
0.003759942269916713
0.003444641846897497
0.003160572499843362
0.002903759892816930
0.002670729743892728
0.002458419658846056
0.002264103439925207
0.002085326051165097
0.001919849193173970
0.001765610733310304
0.001620707836418940
0.001483426940067484
0.001352369266559052
0.001226763662531415
0.001107107832505137
0.000996246574105394
0.000900593704998921
0.000830018255421285
0.000793727962169870
0.000792335645451055
0.000814075598437995
0.000841831152658177
0.000863254566801975
0.000873889684461263
0.000874457790171810
0.000867558334143378
0.000855860269484929
0.000841493136556364
0.000825990851098308
0.000810408140313127
0.000795456682997613
0.000781616126044096
0.000769214710484139
0.000758485304808813
0.000749603946543333
0.000742716674377703
0.000737958834630792
0.000735469779983468
0.000735405005501892
0.000737947216870402
0.000743317523094334
0.000751787828262554
0.000763695530797542
0.000779461820977279
0.000799615223149093
0.000824822612696612
0.000855930842509224
0.000894023499063197
0.000940499435400296
0.000997183013173030
0.001066481095030912
0.001151609814694626
0.001256926620236316
0.001388422251769419
0.001554455406139773
0.001766848813854550
0.002042491959886884
0.002405532795472981
0.002889792536550053
0.003539232187676026
0.004398446947120456
0.005470836725731231
0.006609303926575895
0.007385269818880854
0.007258879632062621
0.006190079823814370
0.004750609951865814
0.003465836806181197
0.002502672160456056
0.001825944385594298
0.001356808085464707
0.001028698057616048
0.000795193169307661
0.000625684818499245
0.000500190001866849
0.000405552108658667
0.000332970699691179
0.000276449709887026
0.000231826196958698
0.000196156819739496
0.000167324518099990
0.000143782049224225
0.000124381813955955
0.000108260983137353
0.000094762662814612
0.000083380941453017
0.000073722018748592
0.000065476328903904
0.000058398290112863
0.000052291416250531
0.000046997246957203
0.000042387028574038
0.000038355398590922
0.000034815544141496
0.000031695454868486
0.000028934994218940
0.000026483586887459
0.000024298375378639
0.000022342741831920
0.000020585137698057
0.000018998246905431
0.000017558710341616
0.000016248213245153
0.000015058354715626
0.000014005349265309
0.000013160279281698
0.000012645224746109
0.000012427685284016
0.000012195455889740
0.000011788172195647
0.000011283944014368
0.000010770222458598
0.000010287013025626
0.000009847157518600
0.000009452700296293
0.000009102000832423
0.000008792433215597
0.000008521367260121
0.000008286509914180
0.000008086012799346
0.000007918499197978
0.000007783069339123
0.000007679307486391
0.000007607300831427
0.000007567676397084
0.000007561660832605
0.000007591169396584
0.000007658933821970
0.000007768681123790
0.000007925380928230
0.000008135588695379
0.000008407927841455
0.000008753774918383
0.000009188243827321
0.000009731624803846
0.000010411532082258
0.000011266184970845
0.000012349549510902
0.000013739624352588
0.000015552213596927
0.000017964620744366
0.000021257903448063
0.000025894917993429
0.000032668321837391
0.000042979449327943
0.000059298525455639
0.000085386036706669
0.000122636583455264
0.000152185906137866
0.000135552943011006
0.000090677886323526
0.000055499632276401
0.000034624296021894
0.000022628061960629
0.000015487193786395
0.000011028906455966
0.000008116892299699
0.000006138617307434
0.000004748992136434
0.000003744792131057
0.000003001379552917
0.000002439506720029
0.000002007161745386
0.000001669244135275
0.000001401478369742
0.000001186706522927
0.000001012564919900
0.000000869990174285
0.000000752234966900
0.000000654205720991
0.000000572008330966
0.000000502631464145
0.000000443722105562
0.000000393423964555
0.000000350259699856
0.000000313044357485
0.000000280821004767
0.000000252811971212
0.000000228382051071
0.000000207010853615
0.000000188272868294
0.000000171823804117
0.000000157393212330
0.000000144786372398
0.000000133904050515
0.000000124800450058
0.000000117830006309
0.000000113981841279
0.000000115211453035
0.000000121190804809
0.000000118935753303
0.000000104686357485
0.000000091289964509
0.000000081680472662
0.000000074653353404
0.000000069203925654
0.000000064777217430
0.000000061069515640
0.000000057904748479
0.000000055174430117
0.000000052807849810
0.000000050756063366
0.000000048983656839
0.000000047465273824
0.000000046183382548
0.000000045126231835
0.000000044286333191
0.000000043660371282
0.000000043250060655
0.000000043062456794
0.000000043109707917
0.000000043409703168
0.000000043988298926
0.000000044882028995
0.000000046140856426
0.000000047831922054
0.000000050046577310
0.000000052911821946
0.000000056606506816
0.000000061386086878
0.000000067624704013
0.000000075888547875
0.000000087066789883
0.000000102615810390
0.000000125044474348
0.000000158946222987
0.000000213338865552
0.000000307203434685
0.000000481481978482
0.000000801456063589
0.000001140504041165
0.000000918531036863
0.000000493935679247
0.000000260183801123
0.000000148728124555
0.000000092044415967
0.000000060656236549
0.000000041956718059
0.000000030141248472
0.000000022315389801
0.000000016930988214
0.000000013109006476
0.000000010324463234
0.000000008250487009
0.000000006676476882
0.000000005462509306
0.000000004512906166
0.000000003760647723
0.000000003158057301
0.000000002670646073
0.000000002272912606
0.000000001945663818
0.000000001674393722
0.000000001448071065
0.000000001258119671
0.000000001097739050
0.000000000961569968
0.000000000845438579
0.000000000745983112
0.000000000660407333
0.000000000586429441
0.000000000522260219
0.000000000466449963
0.000000000417746886
0.000000000375108324
0.000000000337773314
0.000000000305289374
0.000000000277656715
0.000000000256144727
0.000000000246127387
0.000000000262432524
0.000000000290167527
0.000000000259193895
0.000000000218323045
0.000000000189720228
0.000000000169282427
0.000000000153552090
0.000000000140777223
0.000000000130064623
0.000000000120908835
0.000000000112977001
0.000000000106038712
0.000000000099947821
0.000000000094598806
0.000000000089902693
0.000000000085781457
0.000000000082188059
0.000000000079089592
0.000000000076453139
0.000000000074247211
0.000000000072463236
0.000000000071107076
0.000000000070184398
0.000000000069702771
0.000000000069691244
0.000000000070207919
0.000000000071325018
0.000000000073131249
0.000000000075768226
0.000000000079450983
0.000000000084481618
0.000000000091298253
0.000000000100576107
0.000000000113409494
0.000000000131625355
0.000000000158426123
0.000000000199901548
0.000000000268761253
0.000000000394457118
0.000000000652381109
0.000000001215463711
0.000000001856621086
0.000000001184622109
0.000000000516113563
0.000000000246463959
0.000000000133515832
0.000000000079529946
0.000000000050738970
0.000000000034049520
0.000000000023740900
0.000000000017058383
0.000000000012559619
0.000000000009433631
0.000000000007201388
0.000000000005572440
0.000000000004364352
0.000000000003453760
0.000000000002756157
0.000000000002215475
0.000000000001793084
0.000000000001460101
0.000000000001194614
0.000000000000980974
0.000000000000808545
0.000000000000668647
0.000000000000553797
0.000000000000458625
0.000000000000379860
0.000000000000314912
0.000000000000260321
0.000000000000213863
0.000000000000174235
0.000000000000140422
0.000000000000111064
0.000000000000085092
0.000000000000061874
0.000000000000041083
0.000000000000022783
0.000000000000009271
0.000000000000011777
0.000000000000082755
0.000000000000382820
0.000000000000533895
0.000000000000359309
0.000000000000243612
0.000000000000180346
0.000000000000142283
0.000000000000117359
0.000000000000099980
0.000000000000087239
0.000000000000077537
0.000000000000069990
0.000000000000064064
0.000000000000059358
0.000000000000055620
0.000000000000052747
0.000000000000050623
0.000000000000048795
0.000000000000047477
0.000000000000046718
0.000000000000046502
0.000000000000046694
0.000000000000047325
0.000000000000048470
0.000000000000050206
0.000000000000052533
0.000000000000055539
0.000000000000059397
0.000000000000064494
0.000000000000071000
0.000000000000079347
0.000000000000090279
0.000000000000104890
0.000000000000124793
0.000000000000152858
0.000000000000194322
0.000000000000259110
0.000000000000368010
0.000000000000571368
0.000000000001011427
0.000000000002149143
0.000000000004708211
0.000000000003823688
0.000000000001551323
0.000000000000717930
0.000000000000394086
0.000000000000242996
0.000000000000162318
0.000000000000114988
0.000000000000085168
0.000000000000065112
0.000000000000051046
0.000000000000040942
0.000000000000033484
0.000000000000027773
0.000000000000023286
0.000000000000019738
0.000000000000016978
0.000000000000014729
0.000000000000012842
0.000000000000011293
0.000000000000010024
0.000000000000008939
0.000000000000007994
0.000000000000007173
0.000000000000006482
0.000000000000005892
0.000000000000005458
0.000000000000005026
0.000000000000004617
0.000000000000004254
0.000000000000003937
0.000000000000003673
0.000000000000003463
0.000000000000003290
0.000000000000003155
0.000000000000003101
0.000000000000003183
0.000000000000003532
0.000000000000004497
0.000000000000007510
0.000000000000015610
0.000000000000012758
0.000000000000006150
0.000000000000003795
0.000000000000002833
0.000000000000002346
0.000000000000002049
0.000000000000001850
0.000000000000001710
0.000000000000001610
0.000000000000001533
0.000000000000001476
0.000000000000001436
0.000000000000001404
0.000000000000001388
0.000000000000001370
0.000000000000001350
0.000000000000001351
0.000000000000001365
0.000000000000001386
0.000000000000001412
0.000000000000001448
0.000000000000001497
0.000000000000001554
0.000000000000001625
0.000000000000001719
0.000000000000001837
0.000000000000001968
0.000000000000002132
0.000000000000002338
0.000000000000002607
0.000000000000002987
0.000000000000003490
0.000000000000004206
0.000000000000005285
0.000000000000006963
0.000000000000009775
0.000000000000015163
0.000000000000027634
0.000000000000063514
0.000000000000147927
0.000000000000085131
0.000000000000029739
0.000000000000013236
0.000000000000007073
0.000000000000004221
0.000000000000002736
0.000000000000001887
0.000000000000001364
0.000000000000001011
0.000000000000000772
0.000000000000000606
0.000000000000000480
0.000000000000000388
0.000000000000000318
0.000000000000000265
0.000000000000000227
0.000000000000000195
0.000000000000000168
0.000000000000000148
0.000000000000000131
0.000000000000000115
0.000000000000000102
0.000000000000000091
0.000000000000000081
0.000000000000000071
0.000000000000000062
0.000000000000000055
0.000000000000000049
0.000000000000000043
0.000000000000000040
0.000000000000000037
0.000000000000000034
0.000000000000000031
0.000000000000000029
0.000000000000000027
0.000000000000000027
0.000000000000000029
0.000000000000000034
0.000000000000000053
0.000000000000000080
0.000000000000000036
0.000000000000000019
0.000000000000000014
0.000000000000000013
0.000000000000000011
0.000000000000000010
0.000000000000000010
0.000000000000000010
0.000000000000000009
0.000000000000000009
0.000000000000000010
0.000000000000000009
0.000000000000000009
0.000000000000000009
0.000000000000000011
0.000000000000000011
0.000000000000000012
0.000000000000000011
0.000000000000000012
0.000000000000000014
0.000000000000000015
0.000000000000000016
0.000000000000000017
0.000000000000000019
0.000000000000000022
0.000000000000000023
0.000000000000000024
0.000000000000000026
0.000000000000000027
0.000000000000000030
0.000000000000000034
0.000000000000000039
0.000000000000000047
0.000000000000000058
0.000000000000000075
0.000000000000000104
0.000000000000000168
0.000000000000000336
0.000000000000000912
0.000000000000001268
0.000000000000000376
0.000000000000000135
0.000000000000000063
0.000000000000000035
0.000000000000000021
0.000000000000000014
0.000000000000000009
0.000000000000000007
0.000000000000000005
0.000000000000000004
0.000000000000000003
0.000000000000000002
0.000000000000000002
0.000000000000000001
0.000000000000000001
0.000000000000000001
0.000000000000000001
0.000000000000000001
0.000000000000000000
0.000000000000000000
0.000000000000000000
0.000000000000000000
0.000000000000000000
0.000000000000000000
0.000000000000000000
0.000000000000000000
0.000000000000000000
0.000000000000000001
0.000000000000000001
0.000000000000000001
0.000000000000000001
0.000000000000000001
0.000000000000000001
0.000000000000000001
0.000000000000000001
0.000000000000000001
0.000000000000000001
0.000000000000000003
0.000000000000000027
0.000000000000000041
0.000000000000000022
0.000000000000000015
0.000000000000000011
0.000000000000000009
0.000000000000000007
0.000000000000000006
0.000000000000000005
0.000000000000000004
0.000000000000000003
0.000000000000000003
0.000000000000000002
0.000000000000000001
0.000000000000000001
0.000000000000000001
0.000000000000000000
0.000000000000000000
0.000000000000000000
0.000000000000000000
0.000000000000000000
0.000000000000000000
0.000000000000000000
0.000000000000000000
0.000000000000000000
0.000000000000000000
0.000000000000000000
0.000000000000000001
0.000000000000000001
0.000000000000000001
0.000000000000000001
0.000000000000000001
0.000000000000000001
0.000000000000000001
0.000000000000000002
0.000000000000000002
0.000000000000000004
0.000000000000000008
0.000000000000000017
0.000000000000000054
0.000000000000000143
0.000000000000000048
0.000000000000000017
0.000000000000000008
0.000000000000000004
0.000000000000000003
0.000000000000000002
0.000000000000000001
0.000000000000000000
0.000000000000000000
0.000000000000000000
0.000000000000000000
0.000000000000000000
0.000000000000000000
0.000000000000000001
0.000000000000000000
0.000000000000000000
0.000000000000000000
0.000000000000000000
0.000000000000000000
0.000000000000000000
0.000000000000000000
0.000000000000000000
0.000000000000000000
0.000000000000000000
0.000000000000000000
0.000000000000000000
0.000000000000000000
0.000000000000000000
0.000000000000000000
0.000000000000000000
0.000000000000000000
0.000000000000000000
0.000000000000000000
0.000000000000000000
0.000000000000000000
0.000000000000000001
0.000000000000000003
0.000000000000000014
0.000000000000000080
0.000000000000000086
0.000000000000000029
0.000000000000000014
0.000000000000000009
0.000000000000000005
0.000000000000000003
0.000000000000000002
0.000000000000000002
0.000000000000000001
0.000000000000000001
0.000000000000000001
0.000000000000000000
0.000000000000000000
0.000000000000000000
0.000000000000000000
0.000000000000000000
0.000000000000000000
0.000000000000000000
0.000000000000000000
0.000000000000000000
0.000000000000000000
0.000000000000000000
0.000000000000000000
0.000000000000000000
0.000000000000000000
0.000000000000000000
0.000000000000000000
0.000000000000000000
0.000000000000000000
0.000000000000000000
0.000000000000000000
0.000000000000000000
0.000000000000000000
0.000000000000000000
0.000000000000000000
0.000000000000000000
0.000000000000000000
0.000000000000000002
0.000000000000000008
0.000000000000000027
0.000000000000000009
0.000000000000000004
0.000000000000000002
0.000000000000000002
0.000000000000000001
0.000000000000000001
0.000000000000000001
0.000000000000000001
0.000000000000000001
0.000000000000000001
0.000000000000000001
0.000000000000000000
0.000000000000000000
0.000000000000000000
0.000000000000000000
0.000000000000000000
0.000000000000000000
0.000000000000000000
0.000000000000000000
0.000000000000000000
0.000000000000000000
0.000000000000000000
0.000000000000000000
0.000000000000000000
0.000000000000000000
0.000000000000000000
0.000000000000000000
0.000000000000000000
0.000000000000000000
0.000000000000000000
0.000000000000000000
0.000000000000000000
0.000000000000000001
0.000000000000000001
0.000000000000000001
0.000000000000000002
0.000000000000000005
0.000000000000000016
0.000000000000000068
0.000000000000000030
0.000000000000000009
0.000000000000000004
0.000000000000000002
0.000000000000000001
0.000000000000000001
0.000000000000000000
0.000000000000000000
0.000000000000000000
0.000000000000000000
0.000000000000000000
0.000000000000000000
0.000000000000000000
0.000000000000000000
0.000000000000000000
0.000000000000000000
0.000000000000000000
0.000000000000000000
0.000000000000000000
0.000000000000000000
0.000000000000000000
0.000000000000000000
0.000000000000000000
0.000000000000000000
0.000000000000000000
0.000000000000000000
0.000000000000000000
0.000000000000000000
0.000000000000000000
0.000000000000000000
0.000000000000000000
0.000000000000000000
0.000000000000000000
0.000000000000000000
0.000000000000000000
0.000000000000000001
0.000000000000000003
0.000000000000000010
0.000000000000000051
0.000000000000000063
0.000000000000000016
0.000000000000000006
0.000000000000000003
0.000000000000000003
0.000000000000000002
0.000000000000000002
0.000000000000000002
0.000000000000000001
0.000000000000000001
0.000000000000000001
0.000000000000000001
0.000000000000000001
0.000000000000000000
0.000000000000000000
0.000000000000000000
0.000000000000000000
0.000000000000000000
0.000000000000000000
0.000000000000000000
0.000000000000000000
0.000000000000000000
0.000000000000000000
0.000000000000000000
0.000000000000000000
0.000000000000000000
0.000000000000000000
0.000000000000000000
0.000000000000000000
0.000000000000000000
0.000000000000000000
0.000000000000000000
0.000000000000000000
0.000000000000000001
0.000000000000000001
0.000000000000000002
0.000000000000000003
0.000000000000000006
0.000000000000000022
0.000000000000000048
0.000000000000000010
0.000000000000000003
0.000000000000000001
0.000000000000000001
0.000000000000000000
0.000000000000000000
0.000000000000000000
0.000000000000000000
0.000000000000000000
0.000000000000000000
0.000000000000000000
0.000000000000000000
0.000000000000000000
0.000000000000000000
0.000000000000000000
0.000000000000000000
0.000000000000000000
0.000000000000000000
0.000000000000000000
0.000000000000000000
0.000000000000000000
0.000000000000000000
0.000000000000000000
0.000000000000000000
0.000000000000000000
0.000000000000000000
0.000000000000000000
0.000000000000000000
0.000000000000000000
0.000000000000000000
0.000000000000000000
0.000000000000000000
0.000000000000000000
0.000000000000000000
0.000000000000000000
0.000000000000000000
0.000000000000000002
0.000000000000000008
0.000000000000000040
0.000000000000000011
0.000000000000000004
0.000000000000000002
0.000000000000000001
0.000000000000000001
0.000000000000000001
0.000000000000000001
0.000000000000000001
0.000000000000000000
0.000000000000000000
0.000000000000000000
0.000000000000000000
0.000000000000000000
0.000000000000000000
0.000000000000000000
0.000000000000000000
0.000000000000000000
0.000000000000000000
0.000000000000000000
0.000000000000000000
0.000000000000000000
0.000000000000000000
0.000000000000000000
0.000000000000000000
0.000000000000000000
0.000000000000000000
0.000000000000000000
0.000000000000000000
0.000000000000000000
0.000000000000000000
0.000000000000000000
0.000000000000000000
0.000000000000000000
0.000000000000000000
0.000000000000000000
0.000000000000000000
0.000000000000000000
0.000000000000000001
0.000000000000000004
0.000000000000000001
0.000000000000000000
0.000000000000000000
0.000000000000000000
0.000000000000000000
0.000000000000000000
0.000000000000000000
0.000000000000000000
0.000000000000000000
0.000000000000000000
0.000000000000000000
0.000000000000000000
0.000000000000000000
