-1.000000000000000000
-1.000000000000000000
-1.000000000000000000
-1.000000000000000000
0.772229560902248300
0.724578537773629100
0.680287712248823100
0.639177216070250500
0.601069385846343800
0.565790219838530100
0.533170540287403700
0.503046893279218700
0.475262216779059600
0.449666305452870000
0.426116098479966600
0.404475813902977100
0.384616950324207450
0.366418174063958800
0.349765107365196200
0.334550030963553500
0.320671512446045900
0.308033970398807800
0.296547183487046060
0.286125753397669270
0.276688531049453100
0.268158016606419750
0.260459745494244700
0.253521674542120160
0.247273584133125600
0.241646513274236250
0.236572244142976200
0.231982850343721740
0.227810318448730180
0.223986245485473270
0.220441606502327000
0.217106577436402850
0.213910390912705600
0.210781198201653500
0.207645911144517600
0.204430004979305160
0.201057278119298940
0.197449589904774430
0.193526635243082170
0.189205871185277600
0.184402793288868050
0.179031880554897770
0.173008698299645570
0.166253869537277530
0.158699860698528600
0.150301645573803400
0.141051995296124670
0.131000820947487720
0.120275027230959410
0.109090881478756470
0.097747539157810660
0.086593445801258950
0.075970158634457360
0.066153819935580420
0.057318294133405710
0.049530633131143350
0.042771617082775940
0.036966059053262744
0.032010655067115150
0.027794075617949925
0.024209089270782202
0.021158648553438394
0.018558115342975755
0.016335316294525663
0.014429534608593073
0.012790087208449194
0.011374834865850794
0.010148792572843303
0.009082907152857306
0.008153016941650026
0.007338983511433654
0.006623975289715631
0.005993880339458798
0.005436826555506115
0.004942789990899433
0.004503274889045145
0.004111051757868282
0.003759942269916716
0.003444641846897497
0.003160572499843376
0.002903759892816939
0.002670729743892728
0.002458419658846050
0.002264103439925207
0.002085326051165097
0.001919849193173970
0.001765610733310304
0.001620707836418935
0.001483426940067483
0.001352369266559049
0.001226763662531425
0.001107107832505136
0.000996246574105393
0.000900593704998908
0.000830018255421275
0.000793727962169860
0.000792335645451054
0.000814075598437988
0.000841831152658171
0.000863254566801957
0.000873889684461228
0.000874457790171778
0.000867558334143340
0.000855860269484920
0.000841493136556374
0.000825990851098330
0.000810408140313191
0.000795456682997706
0.000781616126044189
0.000769214710484248
0.000758485304808874
0.000749603946543295
0.000742716674377540
0.000737958834630515
0.000735469779983126
0.000735405005501610
0.000737947216870291
0.000743317523094540
0.000751787828263135
0.000763695530798371
0.000779461820978066
0.000799615223149359
0.000824822612696060
0.000855930842507774
0.000894023499061267
0.000940499435398808
0.000997183013173062
0.001066481095033125
0.001151609814698582
0.001256926620240291
0.001388422251770820
0.001554455406136505
0.001766848813846724
0.002042491959877717
0.002405532795468058
0.002889792536554631
0.003539232187691344
0.004398446947141649
0.005470836725749034
0.006609303926581558
0.007385269818869305
0.007258879632033272
0.006190079823771425
0.004750609951822959
0.003465836806159956
0.002502672160469824
0.001825944385634932
0.001356808085505606
0.001028698057629728
0.000795193169285576
0.000625684818458519
0.000500190001838231
0.000405552108663636
0.000332970699725360
0.000276449709923022
0.000231826196967468
0.000196156819713821
0.000167324518061089
0.000143782049204849
0.000124381813972937
0.000108260983176583
0.000094762662842130
0.000083380941444167
0.000073722018710305
0.000065476328869934
0.000058398290114439
0.000052291416287608
0.000046997246996715
0.000042387028578815
0.000038355398554511
0.000034815544096554
0.000031695454858301
0.000028934994256063
0.000026483586938464
0.000024298375393067
0.000022342741791703
0.000020585137639789
0.000018998246888673
0.000017558710388595
0.000016248213311879
0.000015058354730879
0.000014005349205981
0.000013160279206266
0.000012645224740511
0.000012427685366215
0.000012195455977036
0.000011788172185565
0.000011283943903971
0.000010770222365072
0.000010287013064048
0.000009847157660463
0.000009452700381229
0.000009102000746908
0.000008792433043309
0.000008521367207159
0.000008286510064789
0.000008086012988099
0.000007918499185443
0.000007783069113475
0.000007679307314511
0.000007607300948548
0.000007567676688039
0.000007561660931774
0.000007591169142436
0.000007658933508453
0.000007768681170786
0.000007925381325042
0.000008135588946244
0.000008407927574452
0.000008753774424648
0.000009188243765002
0.000009731625334724
0.000010411532554685
0.000011266184696454
0.000012349548739649
0.000013739624101041
0.000015552214347985
0.000017964621635429
0.000021257903199658
0.000025894916643234
0.000032668321033216
0.000042979450459297
0.000059298527682621
0.000085386037451791
0.000122636581153639
0.000152185902183228
0.000135552940540365
0.000090677887013339
0.000055499634709140
0.000034624297457075
0.000022628061300816
0.000015487192363529
0.000011028906073046
0.000008116893136227
0.000006138618079829
0.000004748991920207
0.000003744791396503
0.000003001379318097
0.000002439507189064
0.000002007162199030
0.000001669243996039
0.000001401477911074
0.000001186706385527
0.000001012565235346
0.000000869990470107
0.000000752234859434
0.000000654205399868
0.000000572008242815
0.000000502631701775
0.000000443722322781
0.000000393423871906
0.000000350259444070
0.000000313044296704
0.000000280821213546
0.000000252812149426
0.000000228381948753
0.000000207010620831
0.000000188272841154
0.000000171824022242
0.000000157393356062
0.000000144786226436
0.000000133903829428
0.000000124800489864
0.000000117830254937
0.000000113981917266
0.000000115211218816
0.000000121190597734
0.000000118935891747
0.000000104686648193
0.000000091289978447
0.000000081680198558
0.000000074653221766
0.000000069204142997
0.000000064777439860
0.000000061069387979
0.000000057904471485
0.000000055174447757
0.000000052808137906
0.000000050756159343
0.000000048983401633
0.000000047465077324
0.000000046183566790
0.000000045126501973
0.000000044286247252
0.000000043660063607
0.000000043250034377
0.000000043062761831
0.000000043109846297
0.000000043409440166
0.000000043988061460
0.000000044882215241
0.000000046141169338
0.000000047831840043
0.000000050046220471
0.000000052911780573
0.000000056606870607
0.000000061386262811
0.000000067624374583
0.000000075888232500
0.000000087067037305
0.000000102616266341
0.000000125044372837
0.000000158945628363
0.000000213338706016
0.000000307204135919
0.000000481482687464
0.000000801455681668
0.000001140502688169
0.000000918529955258
0.000000493935653398
0.000000260184372087
0.000000148728414769
0.000000092044212450
0.000000060655991917
0.000000041956763139
0.000000030141420974
0.000000022315414499
0.000000016930878793
0.000000013108954596
0.000000010324523394
0.000000008250543806
0.000000006676452678
0.000000005462459257
0.000000004512906025
0.000000003760685556
0.000000003158072189
0.000000002670622123
0.000000002272890537
0.000000001945674554
0.000000001674417342
0.000000001448071537
0.000000001258098388
0.000000001097730023
0.000000000961586523
0.000000000845453351
0.000000000745972449
0.000000000660389455
0.000000000586433994
0.000000000522278941
0.000000000466451051
0.000000000417729084
0.000000000375102514
0.000000000337788982
0.000000000305298732
0.000000000277643755
0.000000000256133023
0.000000000246138080
0.000000000262446821
0.000000000290159780
0.000000000259176383
0.000000000218324258
0.000000000189735927
0.000000000169284637
0.000000000153538191
0.000000000140772486
0.000000000130076590
0.000000000120915497
0.000000000112967116
0.000000000106030684
0.000000000099955560
0.000000000094607680
0.000000000089897068
0.000000000085772198
0.000000000082191684
0.000000000079098847
0.000000000076451341
0.000000000074238272
0.000000000072463416
0.000000000071115465
0.000000000070185616
0.000000000069695100
0.000000000069688847
0.000000000070214766
0.000000000071328399
0.000000000073125287
0.000000000075764022
0.000000000079456033
0.000000000084486533
0.000000000091294129
0.000000000100570517
0.000000000113412657
0.000000000131631702
0.000000000158424057
0.000000000199894136
0.000000000268761704
0.000000000394466363
0.000000000652384747
0.000000001215453029
0.000000001856605245
0.000000001184615840
0.000000000516117422
0.000000000246468223
0.000000000133515414
0.000000000079527884
0.000000000050738800
0.000000000034050546
0.000000000023741153
0.000000000017057883
0.000000000012559405
0.000000000009433849
0.000000000007201539
0.000000000005572373
0.000000000004364263
0.000000000003453747
0.000000000002756196
0.000000000002215525
0.000000000001793081
0.000000000001460038
0.000000000001194590
0.000000000000981037
0.000000000000808585
0.000000000000668590
0.000000000000553748
0.000000000000458671
0.000000000000379913
0.000000000000314876
0.000000000000260269
0.000000000000213889
0.000000000000174283
0.000000000000140405
0.000000000000111023
0.000000000000085103
0.000000000000061906
0.000000000000041077
0.000000000000022764
0.000000000000009279
0.000000000000011776
0.000000000000082719
0.000000000000382813
0.000000000000533961
0.000000000000359383
0.000000000000243604
0.000000000000180291
0.000000000000142279
0.000000000000117402
0.000000000000099989
0.000000000000087203
0.000000000000077528
0.000000000000070021
0.000000000000064075
0.000000000000059331
0.000000000000055608
0.000000000000052772
0.000000000000050634
0.000000000000048772
0.000000000000047465
0.000000000000046740
0.000000000000046514
0.000000000000046673
0.000000000000047313
0.000000000000048491
0.000000000000050218
0.000000000000052512
0.000000000000055527
0.000000000000059419
0.000000000000064506
0.000000000000070977
0.000000000000079334
0.000000000000090305
0.000000000000104903
0.000000000000124765
0.000000000000152844
0.000000000000194356
0.000000000000259126
0.000000000000367964
0.000000000000571343
0.000000000001011495
0.000000000002149214
0.000000000004708154
0.000000000003823557
0.000000000001551258
0.000000000000717965
0.000000000000394123
0.000000000000242977
0.000000000000162295
0.000000000000115002
0.000000000000085184
0.000000000000065101
0.000000000000051035
0.000000000000040952
0.000000000000033492
0.000000000000027763
0.000000000000023280
0.000000000000019747
0.000000000000016983
0.000000000000014721
0.000000000000012838
0.000000000000011300
0.000000000000010026
0.000000000000008931
0.000000000000007993
0.000000000000007180
0.000000000000006483
0.000000000000005886
0.000000000000005458
0.000000000000005032
0.000000000000004617
0.000000000000004249
0.000000000000003938
0.000000000000003678
0.000000000000003462
0.000000000000003285
0.000000000000003157
0.000000000000003105
0.000000000000003181
0.000000000000003528
0.000000000000004501
0.000000000000007514
0.000000000000015603
0.000000000000012750
0.000000000000006150
0.000000000000003800
0.000000000000002832
0.000000000000002343
0.000000000000002050
0.000000000000001852
0.000000000000001709
0.000000000000001608
0.000000000000001534
0.000000000000001478
0.000000000000001434
0.000000000000001403
0.000000000000001390
0.000000000000001371
0.000000000000001348
0.000000000000001350
0.000000000000001367
0.000000000000001387
0.000000000000001409
0.000000000000001449
0.000000000000001500
0.000000000000001554
0.000000000000001623
0.000000000000001720
0.000000000000001839
0.000000000000001967
0.000000000000002130
0.000000000000002339
0.000000000000002610
0.000000000000002985
0.000000000000003487
0.000000000000004209
0.000000000000005289
0.000000000000006959
0.000000000000009770
0.000000000000015169
0.000000000000027642
0.000000000000063505
0.000000000000147902
0.000000000000085116
0.000000000000029742
0.000000000000013243
0.000000000000007073
0.000000000000004217
0.000000000000002736
0.000000000000001890
0.000000000000001364
0.000000000000001009
0.000000000000000772
0.000000000000000608
0.000000000000000480
0.000000000000000387
0.000000000000000318
0.000000000000000266
0.000000000000000227
0.000000000000000194
0.000000000000000169
0.000000000000000149
0.000000000000000131
0.000000000000000115
0.000000000000000102
0.000000000000000091
0.000000000000000081
0.000000000000000071
0.000000000000000062
0.000000000000000055
0.000000000000000049
0.000000000000000043
0.000000000000000041
0.000000000000000037
0.000000000000000034
0.000000000000000031
0.000000000000000029
0.000000000000000027
0.000000000000000027
0.000000000000000029
0.000000000000000034
0.000000000000000053
0.000000000000000080
0.000000000000000036
0.000000000000000019
0.000000000000000014
0.000000000000000013
0.000000000000000011
0.000000000000000010
0.000000000000000010
0.000000000000000010
0.000000000000000009
0.000000000000000009
0.000000000000000010
0.000000000000000009
0.000000000000000009
0.000000000000000009
0.000000000000000011
0.000000000000000011
0.000000000000000011
0.000000000000000011
0.000000000000000012
0.000000000000000014
0.000000000000000015
0.000000000000000016
0.000000000000000017
0.000000000000000019
0.000000000000000022
0.000000000000000022
0.000000000000000024
0.000000000000000026
0.000000000000000027
0.000000000000000029
0.000000000000000034
0.000000000000000039
0.000000000000000047
0.000000000000000058
0.000000000000000075
0.000000000000000104
0.000000000000000168
0.000000000000000335
0.000000000000000912
0.000000000000001268
0.000000000000000377
0.000000000000000135
0.000000000000000063
0.000000000000000035
0.000000000000000021
0.000000000000000014
0.000000000000000009
0.000000000000000007
0.000000000000000005
0.000000000000000004
0.000000000000000003
0.000000000000000002
0.000000000000000002
0.000000000000000001
0.000000000000000001
0.000000000000000001
0.000000000000000001
0.000000000000000001
0.000000000000000000
0.000000000000000000
0.000000000000000000
0.000000000000000000
0.000000000000000000
0.000000000000000000
0.000000000000000000
0.000000000000000000
0.000000000000000000
0.000000000000000001
0.000000000000000001
0.000000000000000001
0.000000000000000001
0.000000000000000001
0.000000000000000001
0.000000000000000001
0.000000000000000001
0.000000000000000001
0.000000000000000001
0.000000000000000003
0.000000000000000027
0.000000000000000041
0.000000000000000022
0.000000000000000015
0.000000000000000012
0.000000000000000009
0.000000000000000007
0.000000000000000006
0.000000000000000005
0.000000000000000004
0.000000000000000003
0.000000000000000003
0.000000000000000002
0.000000000000000001
0.000000000000000001
0.000000000000000001
0.000000000000000000
0.000000000000000000
0.000000000000000000
0.000000000000000000
0.000000000000000000
0.000000000000000000
0.000000000000000000
0.000000000000000000
0.000000000000000000
0.000000000000000000
0.000000000000000000
0.000000000000000001
0.000000000000000001
0.000000000000000001
0.000000000000000001
0.000000000000000001
0.000000000000000001
0.000000000000000001
0.000000000000000002
0.000000000000000002
0.000000000000000004
0.000000000000000008
0.000000000000000017
0.000000000000000053
0.000000000000000143
0.000000000000000048
0.000000000000000017
0.000000000000000008
0.000000000000000004
0.000000000000000003
0.000000000000000002
0.000000000000000001
0.000000000000000000
0.000000000000000000
0.000000000000000000
0.000000000000000000
0.000000000000000000
0.000000000000000000
0.000000000000000001
0.000000000000000000
0.000000000000000000
0.000000000000000000
0.000000000000000000
0.000000000000000000
0.000000000000000000
0.000000000000000000
0.000000000000000000
0.000000000000000000
0.000000000000000000
0.000000000000000000
0.000000000000000000
0.000000000000000000
0.000000000000000000
0.000000000000000000
0.000000000000000000
0.000000000000000000
0.000000000000000000
0.000000000000000000
0.000000000000000000
0.000000000000000000
0.000000000000000001
0.000000000000000003
0.000000000000000014
0.000000000000000080
0.000000000000000086
0.000000000000000029
0.000000000000000014
0.000000000000000009
0.000000000000000005
0.000000000000000003
0.000000000000000002
0.000000000000000002
0.000000000000000001
0.000000000000000001
0.000000000000000001
0.000000000000000000
0.000000000000000000
0.000000000000000000
0.000000000000000000
0.000000000000000000
0.000000000000000000
0.000000000000000000
0.000000000000000000
0.000000000000000000
0.000000000000000000
0.000000000000000000
0.000000000000000000
0.000000000000000000
0.000000000000000000
0.000000000000000000
0.000000000000000000
0.000000000000000000
0.000000000000000000
0.000000000000000000
0.000000000000000000
0.000000000000000000
0.000000000000000000
0.000000000000000000
0.000000000000000000
0.000000000000000000
0.000000000000000000
0.000000000000000002
0.000000000000000008
0.000000000000000027
0.000000000000000009
0.000000000000000004
0.000000000000000002
0.000000000000000002
0.000000000000000001
0.000000000000000001
0.000000000000000001
0.000000000000000001
0.000000000000000001
0.000000000000000001
0.000000000000000001
0.000000000000000000
0.000000000000000000
0.000000000000000000
0.000000000000000000
0.000000000000000000
0.000000000000000000
0.000000000000000000
0.000000000000000000
0.000000000000000000
0.000000000000000000
0.000000000000000000
0.000000000000000000
0.000000000000000000
0.000000000000000000
0.000000000000000000
0.000000000000000000
0.000000000000000000
0.000000000000000000
0.000000000000000000
0.000000000000000000
0.000000000000000000
0.000000000000000001
0.000000000000000001
0.000000000000000001
0.000000000000000002
0.000000000000000005
0.000000000000000016
0.000000000000000068
0.000000000000000031
0.000000000000000009
0.000000000000000004
0.000000000000000002
0.000000000000000001
0.000000000000000001
0.000000000000000000
0.000000000000000000
0.000000000000000000
0.000000000000000000
0.000000000000000000
0.000000000000000000
0.000000000000000000
0.000000000000000000
0.000000000000000000
0.000000000000000000
0.000000000000000000
0.000000000000000000
0.000000000000000000
0.000000000000000000
0.000000000000000000
0.000000000000000000
0.000000000000000000
0.000000000000000000
0.000000000000000000
0.000000000000000000
0.000000000000000000
0.000000000000000000
0.000000000000000000
0.000000000000000000
0.000000000000000000
0.000000000000000000
0.000000000000000000
0.000000000000000000
0.000000000000000000
0.000000000000000001
0.000000000000000003
0.000000000000000010
0.000000000000000051
0.000000000000000063
0.000000000000000016
0.000000000000000006
0.000000000000000003
0.000000000000000003
0.000000000000000002
0.000000000000000002
0.000000000000000002
0.000000000000000001
0.000000000000000001
0.000000000000000001
0.000000000000000001
0.000000000000000001
0.000000000000000000
0.000000000000000000
0.000000000000000000
0.000000000000000000
0.000000000000000000
0.000000000000000000
0.000000000000000000
0.000000000000000000
0.000000000000000000
0.000000000000000000
0.000000000000000000
0.000000000000000000
0.000000000000000000
0.000000000000000000
0.000000000000000000
0.000000000000000000
0.000000000000000000
0.000000000000000000
0.000000000000000000
0.000000000000000000
0.000000000000000001
0.000000000000000001
0.000000000000000002
0.000000000000000003
0.000000000000000006
0.000000000000000022
0.000000000000000048
0.000000000000000010
0.000000000000000003
0.000000000000000001
0.000000000000000001
0.000000000000000000
0.000000000000000000
0.000000000000000000
0.000000000000000000
0.000000000000000000
0.000000000000000000
0.000000000000000000
0.000000000000000000
0.000000000000000000
0.000000000000000000
0.000000000000000000
0.000000000000000000
0.000000000000000000
0.000000000000000000
0.000000000000000000
0.000000000000000000
0.000000000000000000
0.000000000000000000
0.000000000000000000
0.000000000000000000
0.000000000000000000
0.000000000000000000
0.000000000000000000
0.000000000000000000
0.000000000000000000
0.000000000000000000
0.000000000000000000
0.000000000000000000
0.000000000000000000
0.000000000000000000
0.000000000000000000
0.000000000000000000
0.000000000000000002
0.000000000000000008
0.000000000000000040
0.000000000000000011
0.000000000000000004
0.000000000000000002
0.000000000000000001
0.000000000000000001
0.000000000000000001
0.000000000000000001
0.000000000000000001
0.000000000000000000
0.000000000000000000
0.000000000000000000
0.000000000000000000
0.000000000000000000
0.000000000000000000
0.000000000000000000
0.000000000000000000
0.000000000000000000
0.000000000000000000
0.000000000000000000
0.000000000000000000
0.000000000000000000
0.000000000000000000
0.000000000000000000
0.000000000000000000
0.000000000000000000
0.000000000000000000
0.000000000000000000
0.000000000000000000
0.000000000000000000
0.000000000000000000
0.000000000000000000
0.000000000000000000
0.000000000000000000
0.000000000000000000
0.000000000000000000
0.000000000000000000
0.000000000000000000
0.000000000000000001
0.000000000000000004
0.000000000000000001
0.000000000000000000
0.000000000000000000
0.000000000000000000
0.000000000000000000
0.000000000000000000
0.000000000000000000
0.000000000000000000
0.000000000000000000
0.000000000000000000
0.000000000000000000
0.000000000000000000
0.000000000000000000
