-1.000000000000000000
-1.000000000000000000
-1.000000000000000000
-1.000000000000000000
-1.000000000000000000
-1.000000000000000000
-1.000000000000000000
-1.000000000000000000
-1.000000000000000000
-1.000000000000000000
-1.000000000000000000
-1.000000000000000000
0.777323734632712500
0.761345058937519700
0.745734455144614600
0.730485721396061200
0.715592656831866500
0.701049068653252900
0.686848778774965000
0.672985630080422900
0.659453492291389300
0.646246267463524300
0.633357895122561500
0.620782357051698600
0.608513681742692600
0.596545948524278000
0.584873291378382000
0.573489902457401300
0.562390035313290700
0.551568007851359300
0.541018205018418000
0.530735081238401300
0.520713162604185700
0.510947048837729600
0.501431415027845400
0.492161013155864000
0.483130673419075840
0.474335305360017300
0.465769898811918440
0.457429524668227950
0.449309335483826950
0.441404565917247360
0.433710533019976030
0.426222636380454050
0.418936358130144000
0.411847262817451270
0.404950997155815300
0.398243289651792000
0.391719950118770030
0.385376869081110100
0.379210017073585700
0.373215443841348000
0.367389277443576000
0.361727723265197400
0.356227062941078900
0.350883653194774700
0.345693924596294100
0.340654380241103950
0.335761594353245200
0.331012210815690900
0.326402941629657550
0.321930565305386000
0.317591925187368230
0.313383927714770000
0.309303540620096500
0.305347791068135300
0.301513763736424360
0.297798598840634700
0.294199490105373830
0.290713682684456700
0.287338471031921560
0.284071196726705900
0.280909246253859270
0.277850048745930100
0.274891073687038100
0.272029828583926600
0.269263856608579160
0.266590734215799700
0.264008068741863200
0.261513495989053800
0.259104677801817700
0.256779299641374970
0.254535068165113700
0.252369708817834900
0.250280963442898400
0.248266587920853180
0.246324349843580950
0.244452026233029280
0.242647401312531460
0.240908264339547150
0.239232407508745250
0.237617623933204990
0.236061705712478140
0.234562442094574100
0.233117617739521200
0.231725011089860850
0.230382392854449750
0.229087524608926230
0.227838157516443900
0.226632031170077770
0.225466872557245230
0.224340395144620400
0.223250298081038700
0.222194265513132340
0.221169966007849880
0.220175052073835600
0.219207159772052850
0.218263908404694700
0.217342900270109330
0.216441720470397600
0.215557936756970380
0.214689099399430840
0.213832741062170480
0.212986376672987860
0.212147503269114440
0.211313599805208420
0.210482126910541400
0.209650526582666340
0.208816221807781170
0.207976616098859870
0.207129092947131940
0.206271015184089050
0.205399724255568380
0.204512539413612050
0.203606756836619700
0.202679648693094500
0.201728462171510300
0.200750418504318200
0.199742712023118770
0.198702509289582140
0.197626948358055700
0.196513138235179820
0.195358158616599050
0.194159059993697650
0.192912864240613460
0.191616565810294300
0.190267133689233180
0.188861514284423020
0.187396635442651620
0.185869411831856800
0.184276751946755750
0.182615567036486040
0.180882782289531400
0.179075350651076300
0.177190269687379940
0.175224601950419060
0.173175499330122360
0.171040231907654900
0.168816221836397000
0.166501082770117550
0.164092665322735120
0.161589108969905050
0.158988900676383020
0.156290940342316750
0.153494612888348120
0.150599866431188830
0.147607295525285650
0.144518227854156600
0.141334812053639760
0.138060103553776740
0.134698144480494160
0.131254032823903200
0.127733975357359590
0.124145318298955020
0.120496549591337520
0.116797267079498210
0.113058107915068730
0.109290636273715320
0.105507188915188430
0.101720681103330000
0.097944378665707520
0.094191645138085590
0.090475675580375640
0.086809230363348980
0.083204382709969470
0.079672292912116760
0.076223020020419950
0.072865378711881870
0.069606845400813700
0.066453513953785850
0.063410098036092060
0.060479974482684850
0.057665260329647430
0.054966915288948520
0.052384861406393700
0.049918112235211780
0.047564904880466110
0.045322829521478314
0.043188952330561595
0.041159928951259264
0.039232106796300450
0.037401615333535840
0.035664444236687970
0.034016509797347376
0.032453710348493020
0.030971971666548342
0.029567283428057250
0.028235727826395190
0.026973501426528546
0.025776931271443662
0.024642486167467805
0.023566783978532554
0.022546595659278076
0.021578846659613130
0.020660616241973360
0.019789135169150245
0.018961782146079152
0.018176079333628192
0.017429687195618347
0.016720398891721694
0.016046134387731396
0.015404934419882351
0.014794954421085827
0.014214458492830172
0.013661813486854895
0.013135483244516698
0.012634023028664452
0.012156074172306483
0.011700358959888470
0.011265675750283300
0.010850894345389522
0.010454951604072348
0.010076847298144741
0.009715640204679844
0.009370444427279273
0.009040425937669376
0.008724799328218381
0.008422824765484430
0.008133805134612910
0.007857083364417346
0.007592039923015966
0.007338090474144949
0.007094683684543188
0.006861299173139391
0.006637445593194038
0.006422658838911592
0.006216500368517577
0.006018555636168471
0.005828432625539783
0.005645760478309392
0.005470188211197553
0.005301383515588278
0.005139031634151845
0.004982834309223041
0.004832508798061497
0.004687786950401060
0.004548414344031425
0.004414149474422382
0.004284762994657319
0.004160037002224733
0.004039764369405538
0.003923748114246884
0.003811800809291460
0.003703744025434710
0.003599407808445033
0.003498630185853841
0.003401256702066614
0.003307139979693462
0.003216139305224044
0.003128120237301897
0.003042954235960266
0.002960518311303938
0.002880694690223047
0.002803370499824767
0.002728437466383233
0.002655791628706198
0.002585333064932373
0.002516965631892742
0.002450596716303272
0.002386136997211565
0.002323500219298798
0.002262602976857720
0.002203364508532613
0.002145706503241680
0.002089552918104271
0.002034829809738000
0.001981465180924905
0.001929388845512763
0.001878532315459079
0.001828828715293721
0.001780212730979861
0.001732620602317374
0.001685990170743968
0.001640260997774215
0.001595374573491669
0.001551274639629914
0.001507907657891110
0.001465223461378634
0.001423176135208970
0.001381725181280274
0.001340837031089164
0.001300486978168110
0.001260661605933696
0.001221361783987799
0.001182606290822065
0.001144436085778601
0.001106919187728321
0.001070156009742444
0.001034284834938880
0.000999486888968972
0.000965990170450406
0.000934070865806924
0.000904050860837564
0.000876289680500981
0.000851169306188662
0.000829070927187257
0.000810343924850138
0.000795269246050035
0.000784021491763130
0.000776635890235995
0.000772987008641945
0.000772784901146223
0.000775591301180417
0.000780854181371575
0.000787954907864793
0.000796259719874416
0.000805167130567923
0.000814144856729884
0.000822753068253742
0.000830653928363168
0.000837609711980147
0.000843472923422340
0.000848171926955910
0.000851695028203729
0.000854075091782558
0.000855375937052872
0.000855681072674687
0.000855084857955228
0.000853685896930890
0.000851582334807004
0.000848868687448229
0.000845633852690280
0.000841959998291473
0.000837922076727442
0.000833587771152740
0.000829017724515028
0.000824265943186679
0.000819380297601661
0.000814403066186351
0.000809371486564223
0.000804318290890214
0.000799272211319683
0.000794258447973585
0.000789299096082872
0.000784413531838561
0.000779618758258033
0.000774929713456698
0.000770359544277961
0.000765919848464808
0.000761620888589192
0.000757471780835273
0.000753480661537703
0.000749654834156816
0.000746000899120546
0.000742524868711149
0.000739232268956543
0.000736128230256417
0.000733217568273298
0.000730504856452600
0.000727994491364362
0.000725690751920267
0.000723597853409507
0.000721719997176401
0.000720061416671418
0.000718626420547778
0.000717419433384236
0.000716445034566194
0.000715707995832003
0.000715213317914453
0.000714966266704163
0.000714972409346071
0.000715237650621882
0.000715768270003526
0.000716570959748742
0.000717652864371705
0.000719021621881679
0.000720685407169438
0.000722652977900841
0.000724933723371618
0.000727537716749531
0.000730475771148425
0.000733759500097011
0.000737401382925289
0.000741414835666549
0.000745814288204524
0.000750615268355095
0.000755834493720316
0.000761489972293599
0.000767601112769497
0.000774188845760973
0.000781275757266860
0.000788886235758798
0.000797046634636754
0.000805785451927963
0.000815133529260486
0.000825124272659248
0.000835793897852137
0.000847181703145415
0.000859330373608804
0.000872286320507110
0.000886100060650390
0.000900826641177384
0.000916526115691919
0.000933264078913830
0.000951112268068090
0.000970149240076981
0.000990461135567908
0.001012142542091188
0.001035297470617963
0.001060040462223139
0.001086497843834577
0.001114809154928642
0.001145128770994187
0.001177627752564839
0.001212495953455937
0.001249944426995699
0.001290208173367664
0.001333549277940200
0.001380260496167197
0.001430669345629754
0.001485142772387721
0.001544092461282839
0.001607980859894902
0.001677327982240841
0.001752719042063672
0.001834812937173929
0.001924351555152358
0.002022169780218632
0.002129205940798979
0.002246512213268543
0.002375264149955076
0.002516767981038832
0.002672463562077811
0.002843919704635471
0.003032817012897975
0.003240911095347995
0.003469966014315293
0.003721644046885075
0.003997333485989510
0.004297892148966503
0.004623282362184552
0.004972077095237194
0.005340832650996112
0.005723359009451388
0.006109982396749776
0.006486986496506203
0.006836520101110072
0.007137319017404038
0.007366527069299297
0.007502639767756905
0.007529143127368314
0.007437942690418382
0.007231464550988969
0.006922599008437992
0.006532405751542596
0.006086333830475746
0.005610167406626320
0.005126783402231720
0.004654274888631176
0.004205416778512458
0.003788094265259946
0.003406230291875281
0.003060840476065762
0.002750991924348640
0.002474570119081376
0.002228840037921303
0.002010828260623582
0.001817566122467674
0.001646232855214228
0.001494230763629542
0.001359216494640440
0.001239105364095015
0.001132060184831534
0.001036472030298342
0.000950937569154358
0.000874235757703737
0.000805305467399911
0.000743224851728497
0.000687192803810245
0.000636512570814000
0.000590577435337054
0.000548858306605417
0.000510893018039029
0.000476277128238152
0.000444656035142933
0.000415718216982612
0.000389189444940791
0.000364827827503767
0.000342419559115363
0.000321775275431605
0.000302726921523314
0.000285125055308184
0.000268836527478061
0.000253742476168225
0.000239736593135134
0.000226723624271650
0.000214618064621304
0.000203343026138313
0.000192829251501945
0.000183014250612026
0.000173841549108371
0.000165260027742063
0.000157223342042658
0.000149689414989814
0.000142619986479550
0.000135980217837059
0.000129738342963390
0.000123865356280688
0.000118334739602825
0.000113122217536824
0.000108205538867527
0.000103564285023621
0.000099179695428849
0.000095034513210484
0.000091112848189284
0.000087400050595795
0.000083882601405966
0.000080548011970345
0.000077384732399413
0.000074382072531659
0.000071530126824792
0.000068819708217368
0.000066242289613603
0.000063789947214666
0.000061455312949821
0.000059231529521548
0.000057112208156784
0.000055091393880329
0.000053163529960527
0.000051323427281914
0.000049566237755316
0.000047887426231132
0.000046282748798889
0.000044748231019712
0.000043280146634209
0.000041875001830426
0.000040529516695579
0.000039240610172841
0.000038005387460867
0.000036821124594452
0.000035685258418196
0.000034595375160700
0.000033549198762162
0.000032544583853967
0.000031579504966250
0.000030652048879436
0.000029760408463153
0.000028902873246778
0.000028077825033034
0.000027283731252399
0.000026519138063005
0.000025782667517234
0.000025073010477211
0.000024388922804111
0.000023729222268905
0.000023092782268522
0.000022478530500010
0.000021885444794635
0.000021312549218250
0.000020758913860106
0.000020223650460779
0.000019705912031263
0.000019204892988180
0.000018719827306587
0.000018249992667594
0.000017794712940764
0.000017353364002907
0.000016925386049286
0.000016510296759386
0.000016107715732001
0.000015717398275684
0.000015339281008315
0.000014973550476173
0.000014620731350034
0.000014281802982092
0.000013958343027396
0.000013652677350587
0.000013368003210965
0.000013108393737655
0.000012878538094954
0.000012683033397600
0.000012525085585350
0.000012404756877721
0.000012317383145024
0.000012253194982234
0.000012198926865383
0.000012141038931010
0.000012069005814146
0.000011977108003243
0.000011864288509345
0.000011732777073529
0.000011586460610693
0.000011429615101472
0.000011266165815700
0.000011099370015209
0.000010931761660625
0.000010765226293303
0.000010601116792727
0.000010440373863937
0.000010283629947655
0.000010131290491951
0.000009983599183401
0.000009840684128136
0.000009702592147478
0.000009569315222458
0.000009440806797748
0.000009316995694306
0.000009197795479748
0.000009083109723918
0.000008972838186169
0.000008866879076042
0.000008765131162016
0.000008667496509541
0.000008573880076317
0.000008484191336236
0.000008398344925490
0.000008316259785961
0.000008237860745490
0.000008163077769666
0.000008091845731192
0.000008024105600746
0.000007959802995086
0.000007898888916280
0.000007841320081272
0.000007787057548503
0.000007736068217042
0.000007688324026225
0.000007643801462921
0.000007602483129139
0.000007564356026710
0.000007529412496667
0.000007497650870811
0.000007469073733226
0.000007443690129801
0.000007421514574758
0.000007402566623384
0.000007386873197604
0.000007374466237777
0.000007365384507306
0.000007359674347934
0.000007357387594467
0.000007358585096110
0.000007363334955416
0.000007371712840374
0.000007383805089317
0.000007399705464339
0.000007419518783166
0.000007443361184267
0.000007471358296096
0.000007503650581499
0.000007540390262322
0.000007581743711664
0.000007627895002316
0.000007679042160549
0.000007735403880112
0.000007797218612470
0.000007864744652347
0.000007938267672082
0.000008018096483082
0.000008104569765158
0.000008198059670068
0.000008298969510372
0.000008407745293022
0.000008524873801529
0.000008650888179064
0.000008786378499752
0.000008931988792794
0.000009088432253350
0.000009256496087514
0.000009437046226976
0.000009631047638368
0.000009839565471250
0.000010063784605086
0.000010305028162818
0.000010564765449282
0.000010844646653753
0.000011146518520503
0.000011472453401315
0.000011824793848081
0.000012206177063687
0.000012619596002420
0.000013068452531427
0.000013556615354642
0.000014088518903621
0.000014669241545316
0.000015304629995094
0.000016001447325387
0.000016767522621219
0.000017611982921652
0.000018545492667958
0.000019580561157097
0.000020731949769736
0.000022017114489686
0.000023456816135381
0.000025075846944249
0.000026903905220596
0.000028976749673558
0.000031337528740761
0.000034038445251324
0.000037142753071673
0.000040726948388408
0.000044883219346962
0.000049721595518924
0.000055371049794153
0.000061978038312813
0.000069699039421432
0.000078681828774118
0.000089026270526162
0.000100711881479909
0.000113480941560084
0.000126680915425302
0.000139119029342505
0.000149063780836351
0.000154574569522288
0.000154197719032619
0.000147688457487860
0.000136195981441606
0.000121726063271678
0.000106317419998932
0.000091482678637802
0.000078075852068982
0.000066425303645527
0.000056534171202120
0.000048243271316274
0.000041334192346419
0.000035584559221949
0.000030792704477448
0.000026786101892769
0.000023421674414243
0.000020582653540441
0.000018174634961906
0.000016121478621427
0.000014361790379864
0.000012846013628788
0.000011533948338130
0.000010392911560659
0.000009396189341926
0.000008521821617332
0.000007751716734319
0.000007070845230402
0.000006466690699565
0.000005928783711072
0.000005448293913777
0.000005017783669110
0.000004630927847223
0.000004282333533395
0.000003967402599372
0.000003682164751596
0.000003423213017790
0.000003187596325682
0.000002972743594338
0.000002776432736112
0.000002596706124867
0.000002431856588926
0.000002280387242121
0.000002140966559517
0.000002012433545263
0.000001893748816622
0.000001783991339276
0.000001682349077090
0.000001588084563651
0.000001500550815199
0.000001419162446028
0.000001343391060441
0.000001272771356451
0.000001206872109549
0.000001145312537589
0.000001087747063504
0.000001033856528245
0.000000983361790473
0.000000935999500757
0.000000891534636691
0.000000849755322399
0.000000810460309078
0.000000773475284353
0.000000738633827266
0.000000705784636655
0.000000674793698548
0.000000645529564088
0.000000617879309859
0.000000591734964158
0.000000566995417518
0.000000543573589701
0.000000521381206086
0.000000500342509983
0.000000480386045378
0.000000461442024723
0.000000443452426310
0.000000426356738234
0.000000410102394801
0.000000394641391210
0.000000379924260467
0.000000365911351594
0.000000352560611367
0.000000339834385840
0.000000327700040258
0.000000316121801954
0.000000305071840322
0.000000294520717770
0.000000284440691031
0.000000274809346926
0.000000265600490637
0.000000256794042426
0.000000248369384389
0.000000240305628793
0.000000232587250993
0.000000225195011481
0.000000218114066679
0.000000211330109497
0.000000204827260490
0.000000198594759420
0.000000192618661944
0.000000186887903238
0.000000181392899669
0.000000176121788427
0.000000171067400527
0.000000166220218976
0.000000161572420306
0.000000157118484984
0.000000152850502601
0.000000148764876733
0.000000144856829070
0.000000141122698435
0.000000137562138422
0.000000134173210511
0.000000130958626108
0.000000127922075375
0.000000125069451421
0.000000122412609128
0.000000119965306859
0.000000117749620593
0.000000115794985553
0.000000114139854834
0.000000112837642369
0.000000111953878414
0.000000111570185638
0.000000111776481031
0.000000112649656542
0.000000114211677056
0.000000116342182383
0.000000118675247424
0.000000120548250352
0.000000121148337575
0.000000119899652086
0.000000116800917913
0.000000112385455347
0.000000107364050390
0.000000102307358480
0.000000097549676975
0.000000093229410172
0.000000089368939765
0.000000085936216009
0.000000082877757494
0.000000080139472651
0.000000077671453074
0.000000075431039645
0.000000073383875258
0.000000071500616696
0.000000069758591510
0.000000068138847825
0.000000066625698607
0.000000065207196747
0.000000063872322566
0.000000062612902342
0.000000061421704576
0.000000060292323448
0.000000059220208222
0.000000058200380228
0.000000057229421169
0.000000056304068849
0.000000055421113724
0.000000054578628943
0.000000053773872157
0.000000053005209777
0.000000052270963744
0.000000051569211316
0.000000050899141362
0.000000050258997813
0.000000049647939364
0.000000049065060804
0.000000048509042961
0.000000047979654510
0.000000047475661774
0.000000046996633757
0.000000046542135421
0.000000046111172569
0.000000045703882092
0.000000045319370022
0.000000044957447995
0.000000044618038433
0.000000044300351841
0.000000044004804426
0.000000043730780513
0.000000043478255523
0.000000043247479773
0.000000043037826575
0.000000042849957105
0.000000042683538718
0.000000042538680384
0.000000042415976077
0.000000042314973650
0.000000042236578329
0.000000042180793948
0.000000042147873562
0.000000042138806074
0.000000042153377649
0.000000042192770898
0.000000042257429705
0.000000042347812348
0.000000042465397158
0.000000042610338834
0.000000042784182902
0.000000042987985547
0.000000043222549730
0.000000043490008516
0.000000043791117245
0.000000044127963722
0.000000044502502613
0.000000044916156888
0.000000045372012518
0.000000045871834570
0.000000046418613399
0.000000047015701040
0.000000047665671437
0.000000048373129058
0.000000049141596738
0.000000049975696433
0.000000050881108881
0.000000051862609665
0.000000052927459342
0.000000054082395417
0.000000055335203283
0.000000056695775240
0.000000058173287778
0.000000059780109610
0.000000061529272615
0.000000063435153897
0.000000065516026480
0.000000067790460301
0.000000070281689592
0.000000073016236841
0.000000076023456710
0.000000079340280239
0.000000083007274247
0.000000087073604343
0.000000091598285991
0.000000096648727761
0.000000102309394273
0.000000108679258768
0.000000115878662070
0.000000124057409114
0.000000133394746541
0.000000144117855937
0.000000156508160433
0.000000170917699671
0.000000187799855769
0.000000207725459489
0.000000231435656344
0.000000259889069386
0.000000294319751389
0.000000336337216385
0.000000387978031578
0.000000451762847685
0.000000530591781597
0.000000627214182121
0.000000742913002761
0.000000874478617358
0.000001009389448985
0.000001121643928972
0.000001175997208913
0.000001147524625011
0.000001042298450158
0.000000893621617276
0.000000737896327200
0.000000597699176727
0.000000481240732692
0.000000388296799484
0.000000315352569499
0.000000258340463458
0.000000213626244729
0.000000178317356535
0.000000150193626485
0.000000127576029611
0.000000109220716811
0.000000094182704718
0.000000081755741300
0.000000071403670925
0.000000062709877030
0.000000055360045759
0.000000049102654769
0.000000043742531017
0.000000039126175811
0.000000035126582388
0.000000031646378707
0.000000028602830351
0.000000025929425959
0.000000023572951906
0.000000021486168325
0.000000019633124815
0.000000017981490275
