-1.000000000000000000
-1.000000000000000000
-1.000000000000000000
-1.000000000000000000
-1.000000000000000000
-1.000000000000000000
-1.000000000000000000
-1.000000000000000000
-1.000000000000000000
-1.000000000000000000
-1.000000000000000000
-1.000000000000000000
0.777323734632712500
0.761345058937518100
0.745734455144614600
0.730485721396061200
0.715592656831866500
0.701049068653252900
0.686848778774965000
0.672985630080422900
0.659453492291389300
0.646246267463524300
0.633357895122561500
0.620782357051698600
0.608513681742692600
0.596545948524278000
0.584873291378382000
0.573489902457401300
0.562390035313290700
0.551568007851359300
0.541018205018418000
0.530735081238401300
0.520713162604185700
0.510947048837729000
0.501431415027845400
0.492161013155864000
0.483130673419075840
0.474335305360017300
0.465769898811918440
0.457429524668227950
0.449309335483826950
0.441404565917247360
0.433710533019976030
0.426222636380454050
0.418936358130144000
0.411847262817451270
0.404950997155815300
0.398243289651792000
0.391719950118770030
0.385376869081110100
0.379210017073585700
0.373215443841348000
0.367389277443576000
0.361727723265197400
0.356227062941078900
0.350883653194774700
0.345693924596294100
0.340654380241103950
0.335761594353245200
0.331012210815690900
0.326402941629657550
0.321930565305386000
0.317591925187368230
0.313383927714770000
0.309303540620096500
0.305347791068135300
0.301513763736424360
0.297798598840634700
0.294199490105373830
0.290713682684456700
0.287338471031921560
0.284071196726705900
0.280909246253859270
0.277850048745930100
0.274891073687038100
0.272029828583926600
0.269263856608579160
0.266590734215799700
0.264008068741863200
0.261513495989053800
0.259104677801817700
0.256779299641374970
0.254535068165113700
0.252369708817834900
0.250280963442898400
0.248266587920853180
0.246324349843580950
0.244452026233029280
0.242647401312531460
0.240908264339547150
0.239232407508745250
0.237617623933204990
0.236061705712478140
0.234562442094574100
0.233117617739521200
0.231725011089860850
0.230382392854449750
0.229087524608926230
0.227838157516443900
0.226632031170077770
0.225466872557245230
0.224340395144620400
0.223250298081038700
0.222194265513132340
0.221169966007849880
0.220175052073835600
0.219207159772052850
0.218263908404694700
0.217342900270109330
0.216441720470397600
0.215557936756970380
0.214689099399430840
0.213832741062170480
0.212986376672987860
0.212147503269114440
0.211313599805208420
0.210482126910541400
0.209650526582666340
0.208816221807781170
0.207976616098859870
0.207129092947131940
0.206271015184089050
0.205399724255568380
0.204512539413612050
0.203606756836619700
0.202679648693094500
0.201728462171510300
0.200750418504318200
0.199742712023118770
0.198702509289582140
0.197626948358055700
0.196513138235179820
0.195358158616599050
0.194159059993697650
0.192912864240613460
0.191616565810294300
0.190267133689233180
0.188861514284423020
0.187396635442651620
0.185869411831856800
0.184276751946755750
0.182615567036486040
0.180882782289531400
0.179075350651076300
0.177190269687379940
0.175224601950419060
0.173175499330122360
0.171040231907654900
0.168816221836397000
0.166501082770117550
0.164092665322735120
0.161589108969905050
0.158988900676383020
0.156290940342316750
0.153494612888348120
0.150599866431188830
0.147607295525285650
0.144518227854156600
0.141334812053639760
0.138060103553776740
0.134698144480494160
0.131254032823903200
0.127733975357359590
0.124145318298955020
0.120496549591337520
0.116797267079498210
0.113058107915068730
0.109290636273715320
0.105507188915188430
0.101720681103330000
0.097944378665707520
0.094191645138085590
0.090475675580375640
0.086809230363348980
0.083204382709969470
0.079672292912116170
0.076223020020419950
0.072865378711881870
0.069606845400813700
0.066453513953785850
0.063410098036092060
0.060479974482684850
0.057665260329647430
0.054966915288948520
0.052384861406393700
0.049918112235211780
0.047564904880466110
0.045322829521478430
0.043188952330561595
0.041159928951259150
0.039232106796300450
0.037401615333535840
0.035664444236687970
0.034016509797347376
0.032453710348493020
0.030971971666548342
0.029567283428057250
0.028235727826395190
0.026973501426528546
0.025776931271443680
0.024642486167467816
0.023566783978532554
0.022546595659278076
0.021578846659613130
0.020660616241973360
0.019789135169150245
0.018961782146079152
0.018176079333628237
0.017429687195618413
0.016720398891721694
0.016046134387731396
0.015404934419882351
0.014794954421085827
0.014214458492830205
0.013661813486854895
0.013135483244516662
0.012634023028664452
0.012156074172306483
0.011700358959888383
0.011265675750283300
0.010850894345389522
0.010454951604072348
0.010076847298144741
0.009715640204679844
0.009370444427279273
0.009040425937669376
0.008724799328218381
0.008422824765484430
0.008133805134612874
0.007857083364417346
0.007592039923015966
0.007338090474144949
0.007094683684543188
0.006861299173139408
0.006637445593194038
0.006422658838911606
0.006216500368517577
0.006018555636168461
0.005828432625539783
0.005645760478309381
0.005470188211197506
0.005301383515588251
0.005139031634151845
0.004982834309223028
0.004832508798061515
0.004687786950401060
0.004548414344031425
0.004414149474422387
0.004284762994657361
0.004160037002224733
0.004039764369405524
0.003923748114246884
0.003811800809291460
0.003703744025434709
0.003599407808445033
0.003498630185853852
0.003401256702066661
0.003307139979693462
0.003216139305224034
0.003128120237301905
0.003042954235960225
0.002960518311303938
0.002880694690223048
0.002803370499824767
0.002728437466383237
0.002655791628706196
0.002585333064932367
0.002516965631892723
0.002450596716303281
0.002386136997211565
0.002323500219298807
0.002262602976857698
0.002203364508532613
0.002145706503241679
0.002089552918104262
0.002034829809738029
0.001981465180924906
0.001929388845512763
0.001878532315459083
0.001828828715293728
0.001780212730979858
0.001732620602317396
0.001685990170743988
0.001640260997774197
0.001595374573491685
0.001551274639629893
0.001507907657891099
0.001465223461378630
0.001423176135208966
0.001381725181280272
0.001340837031089185
0.001300486978168105
0.001260661605933712
0.001221361783987834
0.001182606290822048
0.001144436085778592
0.001106919187728328
0.001070156009742443
0.001034284834938877
0.000999486888968985
0.000965990170450401
0.000934070865806925
0.000904050860837601
0.000876289680500976
0.000851169306188667
0.000829070927187282
0.000810343924850119
0.000795269246050030
0.000784021491763152
0.000776635890235984
0.000772987008641971
0.000772784901146233
0.000775591301180386
0.000780854181371597
0.000787954907864810
0.000796259719874382
0.000805167130567951
0.000814144856729896
0.000822753068253708
0.000830653928363202
0.000837609711980149
0.000843472923422318
0.000848171926955950
0.000851695028203717
0.000854075091782515
0.000855375937052934
0.000855681072674668
0.000855084857955200
0.000853685896930957
0.000851582334806956
0.000848868687448214
0.000845633852690378
0.000841959998291408
0.000837922076727450
0.000833587771152821
0.000829017724514946
0.000824265943186697
0.000819380297601746
0.000814403066186238
0.000809371486564283
0.000804318290890277
0.000799272211319539
0.000794258447973685
0.000789299096082908
0.000784413531838415
0.000779618758258177
0.000774929713456659
0.000770359544277816
0.000765919848464998
0.000761620888589104
0.000757471780835175
0.000753480661537949
0.000749654834156614
0.000746000899120515
0.000742524868711394
0.000739232268956284
0.000736128230256476
0.000733217568273505
0.000730504856452248
0.000727994491364558
0.000725690751920371
0.000723597853409111
0.000721719997176760
0.000720061416671389
0.000718626420547451
0.000717419433384716
0.000716445034565959
0.000715707995831777
0.000715213317915022
0.000714966266703690
0.000714972409346073
0.000715237650622399
0.000715768270002835
0.000716570959749033
0.000717652864372071
0.000719021621880875
0.000720685407170089
0.000722652977900876
0.000724933723370840
0.000727537716750502
0.000730475771147984
0.000733759500096490
0.000737401382926450
0.000741414835665607
0.000745814288204535
0.000750615268356148
0.000755834493718925
0.000761489972294306
0.000767601112770119
0.000774188845759357
0.000781275757268309
0.000788886235758644
0.000797046634635340
0.000805785451930015
0.000815133529259282
0.000825124272658613
0.000835793897854343
0.000847181703143143
0.000859330373609426
0.000872286320508793
0.000886100060647434
0.000900826641179547
0.000916526115692300
0.000933264078910948
0.000951112268071620
0.000970149240075399
0.000990461135566172
0.001012142542095303
0.001035297470614267
0.001060040462223638
0.001086497843838055
0.001114809154923342
0.001145128770997645
0.001177627752566022
0.001212495953450507
0.001249944427001933
0.001290208173365160
0.001333549277936676
0.001380260496174826
0.001430669345623071
0.001485142772388378
0.001544092461289338
0.001607980859885044
0.001677327982247155
0.001752719042065922
0.001834812937163703
0.001924351555164011
0.002022169780213819
0.002129205940792517
0.002246512213283056
0.002375264149942297
0.002516767981040307
0.002672463562090185
0.002843919704616573
0.003032817012910199
0.003240911095352479
0.003469966014295220
0.003721644046907607
0.003997333485981368
0.004297892148952211
0.004623282362213136
0.004972077095214746
0.005340832650993882
0.005723359009479681
0.006109982396715263
0.006486986496519493
0.006836520101131541
0.007137319017362074
0.007366527069328214
0.007502639767767437
0.007529143127323830
0.007437942690461550
0.007231464550983946
0.006922599008398050
0.006532405751597014
0.006086333830449987
0.005610167406602117
0.005126783402288415
0.004654274888583917
0.004205416778515831
0.003788094265302828
0.003406230291816460
0.003060840476100010
0.002750991924361855
0.002474570119030365
0.002228840037975711
0.002010828260601385
0.001817566122444050
0.001646232855267464
0.001494230763581228
0.001359216494653369
0.001239105364124889
0.001132060184778510
0.001036472030340968
0.000950937569148455
0.000874235757669941
0.000805305467451837
0.000743224851690715
0.000687192803810909
0.000636512570850310
0.000590577435286433
0.000548858306639311
0.000510893018042275
0.000476277128200127
0.000444656035192367
0.000415718216951734
0.000389189444934635
0.000364827827542981
0.000342419559066872
0.000321775275460230
0.000302726921531578
0.000285125055268133
0.000268836527525890
0.000253742476141128
0.000239736593125441
0.000226723624312299
0.000214618064573827
0.000203343026164521
0.000192829251512477
0.000183014250570972
0.000173841549155795
0.000165260027716154
0.000157223342031840
0.000149689415031082
0.000142619986431915
0.000135980217863250
0.000129738342973972
0.000123865356239392
0.000118334739650916
0.000113122217509827
0.000108205538857706
0.000103564285064707
0.000099179695380101
0.000095034513238794
0.000091112848197800
0.000087400050555178
0.000083882601455503
0.000080548011940250
0.000077384732392735
0.000074382072571476
0.000071530126774391
0.000068819708249685
0.000066242289617870
0.000063789947176045
0.000061455313001069
0.000059231529486643
0.000057112208155505
0.000055091393917277
0.000053163529908549
0.000051323427319730
0.000049566237753011
0.000047887426196422
0.000046282748851357
0.000044748230978763
0.000043280146640674
0.000041875001862253
0.000040529516642986
0.000039240610217036
0.000038005387449687
0.000036821124566224
0.000035685258470398
0.000034595375113286
0.000033549198778556
0.000032544583877807
0.000031579504915106
0.000030652048929880
0.000029760408441134
0.000028902873228150
0.000028077825082299
0.000027283731199312
0.000026519138090931
0.000025782667529817
0.000025073010430804
0.000024388922859241
0.000023729222234963
0.000023092782262784
0.000022478530542465
0.000021885444738297
0.000021312549258099
0.000020758913858279
0.000020223650423491
0.000019705912087724
0.000019204892942799
0.000018719827316547
0.000018249992698446
0.000017794712885513
0.000017353364053131
0.000016925386030826
0.000016510296736257
0.000016107715784470
0.000015717398221645
0.000015339281035376
0.000014973550490337
0.000014620731302131
0.000014281803038569
0.000013958342991910
0.000013652677346577
0.000013368003252364
0.000013108393680354
0.000012878538138489
0.000012683033390401
0.000012525085552272
0.000012404756934316
0.000012317383093996
0.000012253195001057
0.000012198926889082
0.000012141038876595
0.000012069005871086
0.000011977107973687
0.000011864288495776
0.000011732777123335
0.000011586460550593
0.000011429615140534
0.000011266165817979
0.000011099369972844
0.000010931761721061
0.000010765226246033
0.000010601116802561
0.000010440373896419
0.000010283629889709
0.000010131290545601
0.000009983599161398
0.000009840684107475
0.000009702592200031
0.000009569315164890
0.000009440806831138
0.000009316995701805
0.000009197795435452
0.000009083109782404
0.000008972838143030
0.000008866879082299
0.000008765131195453
0.000008667496453504
0.000008573880126744
0.000008484191316515
0.000008398344905000
0.000008316259836054
0.000008237860690970
0.000008163077801564
0.000008091845737419
0.000008024105559932
0.000007959803049950
0.000007898888874517
0.000007841320089623
0.000007787057577185
0.000007736068165879
0.000007688324074584
0.000007643801440852
0.000007602483114620
0.000007564356070175
0.000007529412445759
0.000007497650904478
0.000007469073732683
0.000007443690097580
0.000007421514623685
0.000007402566581445
0.000007386873212727
0.000007374466256083
0.000007365384464963
0.000007359674393789
0.000007357387566758
0.000007358585093103
0.000007363334986994
0.000007371712795639
0.000007383805126116
0.000007399705452286
0.000007419518765570
0.000007443361222653
0.000007471358255004
0.000007503650606549
0.000007540390264206
0.000007581743684432
0.000007627895042008
0.000007679042126409
0.000007735403893729
0.000007797218624842
0.000007864744620049
0.000007938267709783
0.000008018096456400
0.000008104569769566
0.000008198059689436
0.000008298969475789
0.000008407745328047
0.000008524873780797
0.000008650888176835
0.000008786378524118
0.000008931988756197
0.000009088432287174
0.000009256496070594
0.000009437046219399
0.000009631047668269
0.000009839565430476
0.000010063784640173
0.000010305028148655
0.000010564765434965
0.000010844646692643
0.000011146518471800
0.000011472453439415
0.000011824793838455
0.000012206177037605
0.000012619596056345
0.000013068452470990
0.000013556615394708
0.000014088518904837
0.000014669241498312
0.000015304630071634
0.000016001447251610
0.000016767522656840
0.000017611982946305
0.000018545492586709
0.000019580561263412
0.000020731949686662
0.000022017114505416
0.000023456816204615
0.000025075846811826
0.000026903905359471
0.000028976749597367
0.000031337528705467
0.000034038445398225
0.000037142752870614
0.000040726948547541
0.000044883219321715
0.000049721595372074
0.000055371050065526
0.000061978038043415
0.000069699039535695
0.000078681828913384
0.000089026270162561
0.000100711881893578
0.000113480941345827
0.000126680915261020
0.000139119029846847
0.000149063780279345
0.000154574569757034
0.000154197719305793
0.000147688456873818
0.000136195981993383
0.000121726063122643
0.000106317419688729
0.000091482679184941
0.000078075851610515
0.000066425303783153
0.000056534171418941
0.000048243270893695
0.000041334192744961
0.000035584559037082
0.000030792704382206
0.000026786102196520
0.000023421674062485
0.000020582653773362
0.000018174634945189
0.000016121478431010
0.000014361790675561
0.000012846013369211
0.000011533948446660
0.000010392911642603
0.000009396189117725
0.000008521821875130
0.000007751716560166
0.000007070845247398
0.000006466690839552
0.000005928783483887
0.000005448294123110
0.000005017783569919
0.000004630927796773
0.000004282333705183
0.000003967402386993
0.000003682164909034
0.000003423212983041
0.000003187596226489
0.000002972743779336
0.000002776432549644
0.000002596706230484
0.000002431856608425
0.000002280387109529
0.000002140966743819
0.000002012433391688
0.000001893748872654
0.000001783991403141
0.000001682348924097
0.000001588084736636
0.000001500550698587
0.000001419162456217
0.000001343391159099
0.000001272771194209
0.000001206872263142
0.000001145312459783
0.000001087747032686
0.000001033856652499
0.000000983361628549
0.000000935999628987
0.000000891534597757
0.000000849755256191
0.000000810460450184
0.000000773475130872
0.000000738633925969
0.000000705784635213
0.000000674793603103
0.000000645529713837
0.000000617879171607
0.000000591735030750
0.000000566995451008
0.000000543573471507
0.000000521381356881
0.000000500342392470
0.000000480386078677
0.000000461442089614
0.000000443452292018
0.000000426356883156
0.000000410102302315
0.000000394641391294
0.000000379924352442
0.000000365911207866
0.000000352560744245
0.000000339834321482
0.000000327700008339
0.000000316121916071
0.000000305071693691
0.000000294520833249
0.000000284440656747
0.000000274809285236
0.000000265600621486
0.000000256793899158
0.000000248369478001
0.000000240305625393
0.000000232587162673
0.000000225195153346
0.000000218113932619
0.000000211330177737
0.000000204827287684
0.000000198594648387
0.000000192618808983
0.000000186887783654
0.000000181392940069
0.000000176121844873
0.000000171067271310
0.000000166220365443
0.000000161572319702
0.000000157118496179
0.000000152850586006
0.000000148764734237
0.000000144856969598
0.000000141122620341
0.000000137562120169
0.000000134173317838
0.000000130958475215
0.000000127922205410
0.000000125069398138
0.000000122412562191
0.000000119965434889
0.000000117749465320
0.000000115795102093
0.000000114139827323
0.000000112837567595
0.000000111954025658
0.000000111570027058
0.000000111776583282
0.000000112649656857
0.000000114211569692
0.000000116342354836
0.000000118675084201
0.000000120548328227
0.000000121148385819
0.000000119899496842
0.000000116801107989
0.000000112385318716
0.000000107364072787
0.000000102307457417
0.000000097549502912
0.000000093229582533
0.000000089368842969
0.000000085936197058
0.000000082877882755
0.000000080139295343
0.000000077671606629
0.000000075430975132
0.000000073383823435
0.000000071500762704
0.000000069758413509
0.000000068138981937
0.000000066625665753
0.000000065207113946
0.000000063872486151
0.000000062612727485
0.000000061421816016
0.000000060292323460
0.000000059220096045
0.000000058200557349
0.000000057229254421
0.000000056304153788
0.000000055421147592
0.000000054578489794
0.000000053774057914
0.000000053005056525
0.000000052271018589
0.000000051569279267
0.000000050898978544
0.000000050259186712
0.000000049647804999
0.000000049065082556
0.000000048509144306
0.000000047979472149
0.000000047475847961
0.000000046996523408
0.000000046542121840
0.000000046111305694
0.000000045703685003
0.000000045319547482
0.000000044957366357
0.000000044617988114
0.000000044300514255
0.000000044004597972
0.000000043730943237
0.000000043478206752
0.000000043247392158
0.000000043038014995
0.000000042849747065
0.000000042683680820
0.000000042538668034
0.000000042415851423
0.000000042315184096
0.000000042236370779
0.000000042180909747
0.000000042147900578
0.000000042138645393
0.000000042153605543
0.000000042192572131
0.000000042257513754
0.000000042347881110
0.000000042465202130
0.000000042610579085
0.000000042783999387
0.000000042988032597
0.000000043222662135
0.000000043489781396
0.000000043791364300
0.000000044127802140
0.000000044502507507
0.000000044916314494
0.000000045371756034
0.000000045872082403
0.000000046418480768
0.000000047015658497
0.000000047665875663
0.000000048372846329
0.000000049141838750
0.000000049975600399
0.000000050881013140
0.000000051862862066
0.000000052927153845
0.000000054082624152
0.000000055335152651
0.000000056695619458
0.000000058173590428
0.000000059779785251
0.000000061529479151
0.000000063435159627
0.000000065515801736
0.000000067790816318
0.000000070281351043
0.000000073016409509
0.000000076023533801
0.000000079339973786
0.000000083007688495
0.000000087073258067
0.000000091598407552
0.000000096648899059
0.000000102308986333
0.000000108679738593
0.000000115878319401
0.000000124057449972
0.000000133395051137
0.000000144117313584
0.000000156508715027
0.000000170917387059
0.000000187799755269
0.000000207725973117
0.000000231434923123
0.000000259889697554
0.000000294319551305
0.000000336336822649
0.000000387978915501
0.000000451761852768
0.000000530592364756
0.000000627214427242
0.000000742911899654
0.000000874480065833
0.000001009388550102
0.000001121643562706
0.000001175998709380
0.000001147523024720
0.000001042299059733
0.000000893622258371
0.000000737895029372
0.000000597700292632
0.000000481240332511
0.000000388296436981
0.000000315353372915
0.000000258339666676
0.000000213626684842
0.000000178317401554
0.000000150193195518
0.000000127576604313
0.000000109220260032
0.000000094182870706
0.000000081755895149
0.000000071403302026
0.000000062710283099
0.000000055359772775
0.000000049102698817
0.000000043742708340
0.000000039125872872
0.000000035126875101
0.000000031646213674
0.000000028602813456
0.000000025929600652
0.000000023572704544
0.000000021486381997
0.000000019633028033
0.000000017981441189
