-1.000000000000000000
-1.000000000000000000
-1.000000000000000000
-1.000000000000000000
0.772229560902248300
0.724578537773629100
0.680287712248823100
0.639177216070250500
0.601069385846343800
0.565790219838530100
0.533170540287403700
0.503046893279218700
0.475262216779059600
0.449666305452870000
0.426116098479966600
0.404475813902977100
0.384616950324207450
0.366418174063958800
0.349765107365196200
0.334550030963553500
0.320671512446045900
0.308033970398807800
0.296547183487046060
0.286125753397669270
0.276688531049453100
0.268158016606419750
0.260459745494244700
0.253521674542120160
0.247273584133125600
0.241646513274236250
0.236572244142976200
0.231982850343721740
0.227810318448730180
0.223986245485473270
0.220441606502327000
0.217106577436402850
0.213910390912705600
0.210781198201653500
0.207645911144517600
0.204430004979305160
0.201057278119298940
0.197449589904774430
0.193526635243082170
0.189205871185277600
0.184402793288868050
0.179031880554897770
0.173008698299645570
0.166253869537277530
0.158699860698528600
0.150301645573803400
0.141051995296124670
0.131000820947487720
0.120275027230959410
0.109090881478756470
0.097747539157810660
0.086593445801258950
0.075970158634457360
0.066153819935580420
0.057318294133405710
0.049530633131143350
0.042771617082775940
0.036966059053262744
0.032010655067115150
0.027794075617949637
0.024209089270782202
0.021158648553438394
0.018558115342975755
0.016335316294525663
0.014429534608593030
0.012790087208449194
0.011374834865850763
0.010148792572843303
0.009082907152857306
0.008153016941650026
0.007338983511433667
0.006623975289715631
0.005993880339458824
0.005436826555506131
0.004942789990899433
0.004503274889045150
0.004111051757868282
0.003759942269916702
0.003444641846897497
0.003160572499843362
0.002903759892816939
0.002670729743892728
0.002458419658846077
0.002264103439925219
0.002085326051165097
0.001919849193173977
0.001765610733310314
0.001620707836418926
0.001483426940067480
0.001352369266559044
0.001226763662531431
0.001107107832505134
0.000996246574105392
0.000900593704998902
0.000830018255421290
0.000793727962169848
0.000792335645451024
0.000814075598437969
0.000841831152658166
0.000863254566801967
0.000873889684461253
0.000874457790171840
0.000867558334143423
0.000855860269485005
0.000841493136556427
0.000825990851098341
0.000810408140313161
0.000795456682997605
0.000781616126044019
0.000769214710484052
0.000758485304808678
0.000749603946543218
0.000742716674377614
0.000737958834630779
0.000735469779983551
0.000735405005502055
0.000737947216870585
0.000743317523094543
0.000751787828262739
0.000763695530797630
0.000779461820977204
0.000799615223148752
0.000824822612696003
0.000855930842508513
0.000894023499062708
0.000940499435400522
0.000997183013174248
0.001066481095032919
0.001151609814696485
0.001256926620236570
0.001388422251766947
0.001554455406134980
0.001766848813849872
0.002042491959886018
0.002405532795478620
0.002889792536561116
0.003539232187686747
0.004398446947123092
0.005470836725720905
0.006609303926554205
0.007385269818854358
0.007258879632040610
0.006190079823808169
0.004750609951882874
0.003465836806214508
0.002502672160483384
0.001825944385595491
0.001356808085440268
0.001028698057588135
0.000795193169301238
0.000625684818519351
0.000500190001893301
0.000405552108664776
0.000332970699670250
0.000276449709860460
0.000231826196955437
0.000196156819765209
0.000167324518128352
0.000143782049222690
0.000124381813922190
0.000108260983106317
0.000094762662823424
0.000083380941497612
0.000073722018781730
0.000065476328884249
0.000058398290055380
0.000052291416217943
0.000046997246992372
0.000042387028645002
0.000038355398617648
0.000034815544085563
0.000031695454786117
0.000028934994206268
0.000026483586968579
0.000024298375466233
0.000022342741820065
0.000020585137590478
0.000018998246824030
0.000017558710388800
0.000016248213374340
0.000015058354773904
0.000014005349174506
0.000013160279144125
0.000012645224732654
0.000012427685424281
0.000012195456021632
0.000011788172153657
0.000011283943838063
0.000010770222357976
0.000010287013128913
0.000009847157706920
0.000009452700339516
0.000009102000671415
0.000008792433042943
0.000008521367289698
0.000008286510116150
0.000008086012929277
0.000007918499092236
0.000007783069119281
0.000007679307419819
0.000007607301008923
0.000007567676612805
0.000007561660819288
0.000007591169150713
0.000007658933632271
0.000007768681241489
0.000007925381242523
0.000008135588820349
0.000008407927575437
0.000008753774551326
0.000009188243850290
0.000009731625270505
0.000010411532424539
0.000011266184657742
0.000012349548835957
0.000013739624229871
0.000015552214372198
0.000017964621502021
0.000021257903007618
0.000025894916620289
0.000032668321328801
0.000042979450849442
0.000059298527610001
0.000085386036631979
0.000122636580160254
0.000152185902084469
0.000135552941711074
0.000090677888501276
0.000055499635135204
0.000034624296610546
0.000022628060395156
0.000015487192503648
0.000011028906903816
0.000008116893455545
0.000006138617523042
0.000004748991368830
0.000003744791628000
0.000003001379916431
0.000002439507251630
0.000002007161688900
0.000001669243718740
0.000001401478252666
0.000001186706777761
0.000001012565089402
0.000000869990059797
0.000000752234826964
0.000000654205751749
0.000000572008406400
0.000000502631454672
0.000000443722088942
0.000000393424000001
0.000000350259689122
0.000000313044274428
0.000000280821002857
0.000000252812097375
0.000000228382099411
0.000000207010708285
0.000000188272755269
0.000000171823935593
0.000000157393389834
0.000000144786286277
0.000000133903824230
0.000000124800468948
0.000000117830258406
0.000000113981899975
0.000000115211191613
0.000000121190643327
0.000000118935972722
0.000000104686615442
0.000000091289851938
0.000000081680194225
0.000000074653379131
0.000000069204200350
0.000000064777269094
0.000000061069265306
0.000000057904631476
0.000000055174639035
0.000000052808015520
0.000000050755906516
0.000000048983461196
0.000000047465375072
0.000000046183590104
0.000000045126183420
0.000000044286128646
0.000000043660374156
0.000000043250251765
0.000000043062489813
0.000000043109535711
0.000000043409644104
0.000000043988451338
0.000000044882105898
0.000000046140721082
0.000000047831832475
0.000000050046700624
0.000000052911923087
0.000000056606389621
0.000000061385970407
0.000000067624820341
0.000000075888689525
0.000000087066671792
0.000000102615624879
0.000000125044590109
0.000000158946487290
0.000000213338777985
0.000000307203022006
0.000000481481906542
0.000000801456674530
0.000001140504779090
0.000000918531154004
0.000000493935225233
0.000000260183463811
0.000000148728240032
0.000000092044656337
0.000000060656233581
0.000000041956557422
0.000000030141207497
0.000000022315492666
0.000000016931046095
0.000000013108946663
0.000000010324401982
0.000000008250514281
0.000000006676533792
0.000000005462506355
0.000000004512858122
0.000000003760633165
0.000000003158094031
0.000000002670672360
0.000000002272888143
0.000000001945630685
0.000000001674406073
0.000000001448107009
0.000000001258118467
0.000000001097703498
0.000000000961561542
0.000000000845471339
0.000000000745999322
0.000000000660379007
0.000000000586407426
0.000000000522283157
0.000000000466475825
0.000000000417729674
0.000000000375080421
0.000000000337785012
0.000000000305317784
0.000000000277649736
0.000000000256116769
0.000000000246131268
0.000000000262461925
0.000000000290169498
0.000000000259165068
0.000000000218313775
0.000000000189743266
0.000000000169293823
0.000000000153533191
0.000000000140764635
0.000000000130079932
0.000000000120921987
0.000000000112964947
0.000000000106025548
0.000000000099956957
0.000000000094611522
0.000000000089896111
0.000000000085769549
0.000000000082192474
0.000000000079100434
0.000000000076450504
0.000000000074237602
0.000000000072464465
0.000000000071115367
0.000000000070184229
0.000000000069695825
0.000000000069690666
0.000000000070213546
0.000000000071326069
0.000000000073126888
0.000000000075766942
0.000000000079454146
0.000000000084482921
0.000000000091296219
0.000000000100574988
0.000000000113410443
0.000000000131626057
0.000000000158426270
0.000000000199901644
0.000000000268759906
0.000000000394455243
0.000000000652383552
0.000000001215471022
0.000000001856625869
0.000000001184618558
0.000000000516106722
0.000000000246462670
0.000000000133519473
0.000000000079531471
0.000000000050736770
0.000000000034048196
0.000000000023742328
0.000000000017059473
0.000000000012558661
0.000000000009432751
0.000000000007202038
0.000000000005573141
0.000000000004363911
0.000000000003453208
0.000000000002756453
0.000000000002215903
0.000000000001792887
0.000000000001459774
0.000000000001194741
0.000000000000981220
0.000000000000808465
0.000000000000668465
0.000000000000553845
0.000000000000458756
0.000000000000379834
0.000000000000314820
0.000000000000260334
0.000000000000213925
0.000000000000174230
0.000000000000140383
0.000000000000111065
0.000000000000085115
0.000000000000061875
0.000000000000041072
0.000000000000022783
0.000000000000009275
0.000000000000011774
0.000000000000082752
0.000000000000382823
0.000000000000533904
0.000000000000359320
0.000000000000243616
0.000000000000180337
0.000000000000142275
0.000000000000117367
0.000000000000099990
0.000000000000087232
0.000000000000077528
0.000000000000069997
0.000000000000064073
0.000000000000059351
0.000000000000055611
0.000000000000052754
0.000000000000050631
0.000000000000048788
0.000000000000047470
0.000000000000046726
0.000000000000046507
0.000000000000046685
0.000000000000047322
0.000000000000048481
0.000000000000050206
0.000000000000052521
0.000000000000055542
0.000000000000059411
0.000000000000064487
0.000000000000070984
0.000000000000079360
0.000000000000090299
0.000000000000104869
0.000000000000124769
0.000000000000152892
0.000000000000194354
0.000000000000259056
0.000000000000367960
0.000000000000571457
0.000000000001011533
0.000000000002148998
0.000000000004707834
0.000000000003823458
0.000000000001551427
0.000000000000718091
0.000000000000394058
0.000000000000242893
0.000000000000162333
0.000000000000115062
0.000000000000085156
0.000000000000065055
0.000000000000051057
0.000000000000040988
0.000000000000033473
0.000000000000027735
0.000000000000023296
0.000000000000019770
0.000000000000016968
0.000000000000014703
0.000000000000012851
0.000000000000011315
0.000000000000010014
0.000000000000008920
0.000000000000008003
0.000000000000007188
0.000000000000006474
0.000000000000005880
0.000000000000005466
0.000000000000005036
0.000000000000004610
0.000000000000004246
0.000000000000003943
0.000000000000003680
0.000000000000003458
0.000000000000003285
0.000000000000003159
0.000000000000003104
0.000000000000003179
0.000000000000003529
0.000000000000004501
0.000000000000007513
0.000000000000015606
0.000000000000012753
0.000000000000006148
0.000000000000003797
0.000000000000002835
0.000000000000002345
0.000000000000002047
0.000000000000001850
0.000000000000001712
0.000000000000001609
0.000000000000001530
0.000000000000001477
0.000000000000001438
0.000000000000001403
0.000000000000001385
0.000000000000001371
0.000000000000001353
0.000000000000001350
0.000000000000001363
0.000000000000001388
0.000000000000001414
0.000000000000001447
0.000000000000001495
0.000000000000001556
0.000000000000001627
0.000000000000001717
0.000000000000001835
0.000000000000001970
0.000000000000002134
0.000000000000002336
0.000000000000002605
0.000000000000002988
0.000000000000003492
0.000000000000004205
0.000000000000005283
0.000000000000006964
0.000000000000009777
0.000000000000015162
0.000000000000027632
0.000000000000063512
0.000000000000147927
0.000000000000085133
0.000000000000029742
0.000000000000013237
0.000000000000007072
0.000000000000004220
0.000000000000002737
0.000000000000001888
0.000000000000001363
0.000000000000001010
0.000000000000000773
0.000000000000000607
0.000000000000000479
0.000000000000000387
0.000000000000000319
0.000000000000000265
0.000000000000000226
0.000000000000000195
0.000000000000000169
0.000000000000000148
0.000000000000000130
0.000000000000000115
0.000000000000000102
0.000000000000000091
0.000000000000000081
0.000000000000000071
0.000000000000000062
0.000000000000000055
0.000000000000000049
0.000000000000000043
0.000000000000000040
0.000000000000000037
0.000000000000000034
0.000000000000000031
0.000000000000000029
0.000000000000000027
0.000000000000000027
0.000000000000000029
0.000000000000000034
0.000000000000000053
0.000000000000000080
0.000000000000000036
0.000000000000000019
0.000000000000000014
0.000000000000000013
0.000000000000000011
0.000000000000000010
0.000000000000000010
0.000000000000000010
0.000000000000000009
0.000000000000000009
0.000000000000000010
0.000000000000000009
0.000000000000000009
0.000000000000000009
0.000000000000000011
0.000000000000000011
0.000000000000000011
0.000000000000000011
0.000000000000000013
0.000000000000000014
0.000000000000000015
0.000000000000000016
0.000000000000000017
0.000000000000000019
0.000000000000000022
0.000000000000000022
0.000000000000000024
0.000000000000000026
0.000000000000000027
0.000000000000000030
0.000000000000000034
0.000000000000000039
0.000000000000000047
0.000000000000000058
0.000000000000000075
0.000000000000000104
0.000000000000000168
0.000000000000000336
0.000000000000000912
0.000000000000001268
0.000000000000000377
0.000000000000000135
0.000000000000000063
0.000000000000000035
0.000000000000000021
0.000000000000000014
0.000000000000000009
0.000000000000000007
0.000000000000000005
0.000000000000000004
0.000000000000000003
0.000000000000000002
0.000000000000000002
0.000000000000000001
0.000000000000000001
0.000000000000000001
0.000000000000000001
0.000000000000000001
0.000000000000000000
0.000000000000000000
0.000000000000000000
0.000000000000000000
0.000000000000000000
0.000000000000000000
0.000000000000000000
0.000000000000000000
0.000000000000000000
0.000000000000000001
0.000000000000000001
0.000000000000000001
0.000000000000000001
0.000000000000000001
0.000000000000000001
0.000000000000000001
0.000000000000000001
0.000000000000000001
0.000000000000000001
0.000000000000000003
0.000000000000000027
0.000000000000000041
0.000000000000000022
0.000000000000000015
0.000000000000000012
0.000000000000000009
0.000000000000000007
0.000000000000000006
0.000000000000000005
0.000000000000000004
0.000000000000000003
0.000000000000000003
0.000000000000000002
0.000000000000000001
0.000000000000000001
0.000000000000000001
0.000000000000000000
0.000000000000000000
0.000000000000000000
0.000000000000000000
0.000000000000000000
0.000000000000000000
0.000000000000000000
0.000000000000000000
0.000000000000000000
0.000000000000000000
0.000000000000000000
0.000000000000000001
0.000000000000000001
0.000000000000000001
0.000000000000000001
0.000000000000000001
0.000000000000000001
0.000000000000000001
0.000000000000000002
0.000000000000000002
0.000000000000000004
0.000000000000000008
0.000000000000000017
0.000000000000000054
0.000000000000000143
0.000000000000000048
0.000000000000000017
0.000000000000000008
0.000000000000000004
0.000000000000000003
0.000000000000000002
0.000000000000000001
0.000000000000000000
0.000000000000000000
0.000000000000000000
0.000000000000000000
0.000000000000000000
0.000000000000000000
0.000000000000000001
0.000000000000000000
0.000000000000000000
0.000000000000000000
0.000000000000000000
0.000000000000000000
0.000000000000000000
0.000000000000000000
0.000000000000000000
0.000000000000000000
0.000000000000000000
0.000000000000000000
0.000000000000000000
0.000000000000000000
0.000000000000000000
0.000000000000000000
0.000000000000000000
0.000000000000000000
0.000000000000000000
0.000000000000000000
0.000000000000000000
0.000000000000000000
0.000000000000000001
0.000000000000000003
0.000000000000000014
0.000000000000000080
0.000000000000000086
0.000000000000000029
0.000000000000000014
0.000000000000000009
0.000000000000000005
0.000000000000000003
0.000000000000000002
0.000000000000000002
0.000000000000000001
0.000000000000000001
0.000000000000000001
0.000000000000000000
0.000000000000000000
0.000000000000000000
0.000000000000000000
0.000000000000000000
0.000000000000000000
0.000000000000000000
0.000000000000000000
0.000000000000000000
0.000000000000000000
0.000000000000000000
0.000000000000000000
0.000000000000000000
0.000000000000000000
0.000000000000000000
0.000000000000000000
0.000000000000000000
0.000000000000000000
0.000000000000000000
0.000000000000000000
0.000000000000000000
0.000000000000000000
0.000000000000000000
0.000000000000000000
0.000000000000000000
0.000000000000000000
0.000000000000000002
0.000000000000000008
0.000000000000000027
0.000000000000000009
0.000000000000000004
0.000000000000000002
0.000000000000000002
0.000000000000000001
0.000000000000000001
0.000000000000000001
0.000000000000000001
0.000000000000000001
0.000000000000000001
0.000000000000000001
0.000000000000000000
0.000000000000000000
0.000000000000000000
0.000000000000000000
0.000000000000000000
0.000000000000000000
0.000000000000000000
0.000000000000000000
0.000000000000000000
0.000000000000000000
0.000000000000000000
0.000000000000000000
0.000000000000000000
0.000000000000000000
0.000000000000000000
0.000000000000000000
0.000000000000000000
0.000000000000000000
0.000000000000000000
0.000000000000000000
0.000000000000000000
0.000000000000000001
0.000000000000000001
0.000000000000000001
0.000000000000000002
0.000000000000000005
0.000000000000000016
0.000000000000000068
0.000000000000000031
0.000000000000000009
0.000000000000000004
0.000000000000000002
0.000000000000000001
0.000000000000000001
0.000000000000000000
0.000000000000000000
0.000000000000000000
0.000000000000000000
0.000000000000000000
0.000000000000000000
0.000000000000000000
0.000000000000000000
0.000000000000000000
0.000000000000000000
0.000000000000000000
0.000000000000000000
0.000000000000000000
0.000000000000000000
0.000000000000000000
0.000000000000000000
0.000000000000000000
0.000000000000000000
0.000000000000000000
0.000000000000000000
0.000000000000000000
0.000000000000000000
0.000000000000000000
0.000000000000000000
0.000000000000000000
0.000000000000000000
0.000000000000000000
0.000000000000000000
0.000000000000000000
0.000000000000000001
0.000000000000000003
0.000000000000000010
0.000000000000000051
0.000000000000000063
0.000000000000000016
0.000000000000000006
0.000000000000000003
0.000000000000000003
0.000000000000000002
0.000000000000000002
0.000000000000000002
0.000000000000000001
0.000000000000000001
0.000000000000000001
0.000000000000000001
0.000000000000000001
0.000000000000000000
0.000000000000000000
0.000000000000000000
0.000000000000000000
0.000000000000000000
0.000000000000000000
0.000000000000000000
0.000000000000000000
0.000000000000000000
0.000000000000000000
0.000000000000000000
0.000000000000000000
0.000000000000000000
0.000000000000000000
0.000000000000000000
0.000000000000000000
0.000000000000000000
0.000000000000000000
0.000000000000000000
0.000000000000000000
0.000000000000000001
0.000000000000000001
0.000000000000000002
0.000000000000000003
0.000000000000000006
0.000000000000000022
0.000000000000000049
0.000000000000000010
0.000000000000000003
0.000000000000000001
0.000000000000000001
0.000000000000000000
0.000000000000000000
0.000000000000000000
0.000000000000000000
0.000000000000000000
0.000000000000000000
0.000000000000000000
0.000000000000000000
0.000000000000000000
0.000000000000000000
0.000000000000000000
0.000000000000000000
0.000000000000000000
0.000000000000000000
0.000000000000000000
0.000000000000000000
0.000000000000000000
0.000000000000000000
0.000000000000000000
0.000000000000000000
0.000000000000000000
0.000000000000000000
0.000000000000000000
0.000000000000000000
0.000000000000000000
0.000000000000000000
0.000000000000000000
0.000000000000000000
0.000000000000000000
0.000000000000000000
0.000000000000000000
0.000000000000000000
0.000000000000000002
0.000000000000000008
0.000000000000000040
0.000000000000000011
0.000000000000000004
0.000000000000000002
0.000000000000000001
0.000000000000000001
0.000000000000000001
0.000000000000000001
0.000000000000000001
0.000000000000000000
0.000000000000000000
0.000000000000000000
0.000000000000000000
0.000000000000000000
0.000000000000000000
0.000000000000000000
0.000000000000000000
0.000000000000000000
0.000000000000000000
0.000000000000000000
0.000000000000000000
0.000000000000000000
0.000000000000000000
0.000000000000000000
0.000000000000000000
0.000000000000000000
0.000000000000000000
0.000000000000000000
0.000000000000000000
0.000000000000000000
0.000000000000000000
0.000000000000000000
0.000000000000000000
0.000000000000000000
0.000000000000000000
0.000000000000000000
0.000000000000000000
0.000000000000000000
0.000000000000000001
0.000000000000000004
0.000000000000000001
0.000000000000000000
0.000000000000000000
0.000000000000000000
0.000000000000000000
0.000000000000000000
0.000000000000000000
0.000000000000000000
0.000000000000000000
0.000000000000000000
0.000000000000000000
0.000000000000000000
0.000000000000000000
