-1.000000000000000000
-1.000000000000000000
-1.000000000000000000
-1.000000000000000000
-1.000000000000000000
-1.000000000000000000
-1.000000000000000000
-1.000000000000000000
-1.000000000000000000
-1.000000000000000000
-1.000000000000000000
-1.000000000000000000
-1.000000000000000000
-1.000000000000000000
-1.000000000000000000
0.784689159262466900
0.772230258595673800
0.759992645393372900
0.747973504341604500
0.736170015865397300
0.724579358260491500
0.713198709734877200
0.702025250360063500
0.691056163935038400
0.680288639763995500
0.669719874350918500
0.659347073011127300
0.649167451404593100
0.639178236990026100
0.629376670403809300
0.619760006764645600
0.610325516907092700
0.601070488544120300
0.591992227362815300
0.583088058053627100
0.574355325275446000
0.565791394559385200
0.557393653151163500
0.549159510796560100
0.541086400469060500
0.533171779044087100
0.525413127919154400
0.517807953583593500
0.510353788138767300
0.503048189769866300
0.495888743172557900
0.488873059933972100
0.481998778871144340
0.475263566328018300
0.468665116432185670
0.462201151312634600
0.455869421280918000
0.449667704975412300
0.443593809471876200
0.437645570359731400
0.431820851786777700
0.426117546472113030
0.420533575690096500
0.415066889224304100
0.409715465294698100
0.404477310457276750
0.399350459478277600
0.394332975183250170
0.389422948282122000
0.384618497171237750
0.379917767713050140
0.375318932993861000
0.370820193061170260
0.366419774641147300
0.362115930835931700
0.357906940803231400
0.353791109417047670
0.349766766911552730
0.345832268507933640
0.341985994025054860
0.338226347474424260
0.334551756640381500
0.330960672645416700
0.327451569501776840
0.324022943649339200
0.320673313481073640
0.317401218855593800
0.314205220598293000
0.311083899991037300
0.308035858250913230
0.305059715999150600
0.302154112720178560
0.299317706211750900
0.296549172026603640
0.293847202906220200
0.291210508207509200
0.288637813323152750
0.286127859095774260
0.283679401227315440
0.281291209684064500
0.278962068098054600
0.276690773165862900
0.274476134045324600
0.272316971751510540
0.270212118552547900
0.268160417366023200
0.266160721157801150
0.264211892343035300
0.262312802191469000
0.260462330237337200
0.258659363695277700
0.256902796883395300
0.255191530653993100
0.253524471833875160
0.251900532674390300
0.250318630312887300
0.248777686246339170
0.247276625818214800
0.245814377719344200
0.244389873503791800
0.243002047120720600
0.241649834462595250
0.240332172930791040
0.239048001018872360
0.237796257914432900
0.236575883119254600
0.235385816088597040
0.234224995889642500
0.233092360878593360
0.231986848397182200
0.230907394487361330
0.229852933624608430
0.228822398468474270
0.227814719630400730
0.226828825457468570
0.225863641831281600
0.224918091980636530
0.223991096307245370
0.223081572222628780
0.222188433994721820
0.221310592603116420
0.220446955600872000
0.219596426981116600
0.218757907047234100
0.217930292284279500
0.217112475230249370
0.216303344345486200
0.215501783877949080
0.214706673723872400
0.213916889281051680
0.213131301294302020
0.212348775691527080
0.211568173409084740
0.210788350206517620
0.210008156469006200
0.209226436998052070
0.208442030790357400
0.207653770805063450
0.206860483720376710
0.206060989680990620
0.205254102037937370
0.204438627083305320
0.203613363782645160
0.202777103509163200
0.201928629783535700
0.201066718024727250
0.200190135318234320
0.199297640208301540
0.198387982522755220
0.197459903239663140
0.196512134406430500
0.195543399123815740
0.194552411608369400
0.193537877348952480
0.192498493375124840
0.191432948656862200
0.190339924657469130
0.189218096064790870
0.188066131727624200
0.186882695828360200
0.185666449324617650
0.184416051698189700
0.183130163051297400
0.181807446595247100
0.180446571580312300
0.179046216719611070
0.177605074164048800
0.176121854089155180
0.174595289958436960
0.173024144531132740
0.171407216684521080
0.169743349122334570
0.168031437040899400
0.166270437822390600
0.164459381820332870
0.162597384294631970
0.160683658542047410
0.158717530251725140
0.156698453094116650
0.154626025522463680
0.152500008731602740
0.150320345674326400
0.148087180983368840
0.145800881585826630
0.143462057726255670
0.141071584036583680
0.138630620206586420
0.136140630720254500
0.133603403036108960
0.131021063507109500
0.128396090266279630
0.125731322254100280
0.123029963542502650
0.120295582126611830
0.117532102416758560
0.114743790778147970
0.111935233634970310
0.109111307882882900
0.106277143630225670
0.103438079605499430
0.100599611908105640
0.097767337121337690
0.094946891123543390
0.092143885202539450
0.089363841272013590
0.086612128090661340
0.083893900381091750
0.081214042634438200
0.078577119175516120
0.075987331767608080
0.073448485680994280
0.070963964760795330
0.068536715638491410
0.066169240864367660
0.063863600415929920
0.061621420778338060
0.059443910604074280
0.057331881842941050
0.055285775186603804
0.053305688684552086
0.051391408450702600
0.049542440478234195
0.047758042702632786
0.046037256588100450
0.044378937650588854
0.042781784464345110
0.041244365822373290
0.039765145831442944
0.038342506816801070
0.036974769990615870
0.035660213901455090
0.034397090730855930
0.033183640539445580
0.032018103589922490
0.030898730890177063
0.029823793108104124
0.028791588012109813
0.027800446589108260
0.026848737986374320
0.025934873415774580
0.025057309149730637
0.024214548727882004
0.023405144483099900
0.022627698484934008
0.021880862988364173
0.021163340466045663
0.020473883293130000
0.019811293145385215
0.019174420163547970
0.018562161929985860
0.017973462297370190
0.017407310103573544
0.016862737801915070
0.016338820031614132
0.015834672149350006
0.015349448739558522
0.014882342118068880
0.014432580841230058
0.013999428230411221
0.013582180919906737
0.013180167434663836
0.012792746802857625
0.012419307207136967
0.012059264677444805
0.011712061827397162
0.011377166635560642
0.011054071272364057
0.010742290972877431
0.010441362955344848
0.010150845384984546
0.009870316382313494
0.009599373075109630
0.009337630692854417
0.009084721702488646
0.008840294984146960
0.008604015045503751
0.008375561273306898
0.008154627220693468
0.007940919928812904
0.007734159281332999
0.007534077390417715
0.007340418012765742
0.007152935994350653
0.006971396742536090
0.006795575724271096
0.006625257989111817
0.006460237715880269
0.006300317781780473
0.006145309352876131
0.005995031494849394
0.005849310803026328
0.005707981050687030
0.005570882854721900
0.005437863357760545
0.005308775925902238
0.005183479861255015
0.005061840128507676
0.004943727094810905
0.004829016282250740
0.004717588132283866
0.004609327781477129
0.004504124847979554
0.004401873228135628
0.004302470902728849
0.004205819752318062
0.004111825381206646
0.004020396949563631
0.003931447013275230
0.003844891371102814
0.003760648918759281
0.003678641509528568
0.003598793821069445
0.003521033228074996
0.003445289680461987
0.003371495586789917
0.003299585702617130
0.003229497023529920
0.003161168682577711
0.003094541851873846
0.003029559648134243
0.002966167041926620
0.002904310770440806
0.002843939253578997
0.002785002513190128
0.002727452095298795
0.002671240995164429
0.002616323585060376
0.002562655544644488
0.002510193793848510
0.002458896428201920
0.002408722656564995
0.002359632741251482
0.002311587940572755
0.002264550453869062
0.002218483369153039
0.002173350613537985
0.002129116906707915
0.002085747717761008
0.002043209225869975
0.002001468285315118
0.001960492395603971
0.001920249677554503
0.001880708856441806
0.001841839253543302
0.001803610787730295
0.001765993989093917
0.001728960027010190
0.001692480755546775
0.001656528779663590
0.001621077546332369
0.001586101465434327
0.001551576066149680
0.001517478195474883
0.001483786266517428
0.001450480565255108
0.001417543625482577
0.001384960682589333
0.001352720217498892
0.001320814602346763
0.001289240859001487
0.001258001539980474
0.001227105738148775
0.001196570226217892
0.001166420718696372
0.001136693236700183
0.001107435539040643
0.001078708560410529
0.001050587768883631
0.001023164320556731
0.000996545850476789
0.000970856699331019
0.000946237340454331
0.000922842750217778
0.000900839468271105
0.000880401135757998
0.000861702392320555
0.000844911164746098
0.000830179590038769
0.000817634066956660
0.000807365187616653
0.000799418512783740
0.000793787260668568
0.000790407926559220
0.000789159612935416
0.000789867442778220
0.000792309915419232
0.000796229542714155
0.000801345681223525
0.000807368238967790
0.000814010921819356
0.000821002877934661
0.000828097936863461
0.000835081038836410
0.000841771828276659
0.000848025685223355
0.000853732660863113
0.000858814868513960
0.000863222878250986
0.000866931599825915
0.000869936042838632
0.000872247238323786
0.000873888507941622
0.000874892184625348
0.000875296825180332
0.000875144910477987
0.000874481000066420
0.000873350291834846
0.000871797530485757
0.000869866207987085
0.000867598002543020
0.000865032408144061
0.000862206513212051
0.000859154893411413
0.000855909589881527
0.000852500149687531
0.000848953710082688
0.000845295112221060
0.000841547033293645
0.000837730128763174
0.000833863178535982
0.000829963232605167
0.000826045753026748
0.000822124750100550
0.000818212911403004
0.000814321722890707
0.000810461581718178
0.000806641900719650
0.000802871204717539
0.000799157218969045
0.000795506950153423
0.000791926760360892
0.000788422434571909
0.000784999242121207
0.000781661992636305
0.000778415086923385
0.000775262563250759
0.000772208139454743
0.000769255251262046
0.000766407087198306
0.000763666620418703
0.000761036637773840
0.000758519766394864
0.000756118498056797
0.000753835211560205
0.000751672193344766
0.000749631656532275
0.000747715758580406
0.000745926617707543
0.000744266328240379
0.000742736975018859
0.000741340646984949
0.000740079450068381
0.000738955519474882
0.000737971031475170
0.000737128214786673
0.000736429361628861
0.000735876838534773
0.000735473096993421
0.000735220683993436
0.000735122252537293
0.000735180572190705
0.000735398539734692
0.000735779189981501
0.000736325706815571
0.000737041434526323
0.000737929889494076
0.000738994772292354
0.000740239980272626
0.000741669620703867
0.000743288024531759
0.000745099760834956
0.000747109652055029
0.000749322790085504
0.000751744553303416
0.000754380624637819
0.000757237010779131
0.000760320062634203
0.000763636497140773
0.000767193420571004
0.000770998353461103
0.000775059257310561
0.000779384563212062
0.000783983202592315
0.000788864640253930
0.000794038909921729
0.000799516652528613
0.000805309157495799
0.000811428407276882
0.000817887125467860
0.000824698828826650
0.000831877883566231
0.000839439566321159
0.000847400130239830
0.000855776876704831
0.000864588233218872
0.000873853838061695
0.000883594632395043
0.000893832960565522
0.000904592679414216
0.000915899277516962
0.000927780005388151
0.000940264017765180
0.000953382529231085
0.000967168984591804
0.000981659245575704
0.000996891795578014
0.001012907964400586
0.001029752175170001
0.001047472215836963
0.001066119537938628
0.001085749585650002
0.001106422158483074
0.001128201811336424
0.001151158296057470
0.001175367049162390
0.001200909730824192
0.001227874820779022
0.001256358277452851
0.001286464267217105
0.001318305971281789
0.001352006478449921
0.001387699772641735
0.001425531824641823
0.001465661797996251
0.001508263379394625
0.001553526243884487
0.001601657664753865
0.001652884276921549
0.001707454000715239
0.001765638129433723
0.001827733578765761
0.001894065288315836
0.001964988753817044
0.002040892651772193
0.002122201494776637
0.002209378223023477
0.002302926591932630
0.002403393153805603
0.002511368547783377
0.002627487700056745
0.002752428387361946
0.002886907422794197
0.003031673473651857
0.003187495206869441
0.003355143073808600
0.003535362596075505
0.003728836516598046
0.003936132685421570
0.004157634157697560
0.004393447864929673
0.004643288655855520
0.004906336896597701
0.005181070703834180
0.005465078859137851
0.005754868018240327
0.006045688055540059
0.006331411391282618
0.006604513505778360
0.006856208174770046
0.007076786263189423
0.007256185220742720
0.007384774975482962
0.007454289030451922
0.007458770936961726
0.007395367087536200
0.007264797945099202
0.007071391311375843
0.006822653481183761
0.006528458747294452
0.006200018946460798
0.005848826147410455
0.005485738126319137
0.005120314371359217
0.004760437079866353
0.004412190958717275
0.004079939999035049
0.003766528953245295
0.003473544687184141
0.003201588768990604
0.002950530319339614
0.002719723097014008
0.002508181511707174
0.002314716897035645
0.002138038834337621
0.001976827614969191
0.001829783937080783
0.001695661285713444
0.001573285543578547
0.001461565451733322
0.001359496702522206
0.001266161747508207
0.001180726842487982
0.001102437417216097
0.001030612531871166
0.000964638942204649
0.000903965119469585
0.000848095446321833
0.000796584723455366
0.000749033060887570
0.000705081185988949
0.000664406174175616
0.000626717591465683
0.000591754026739346
0.000559279985908022
0.000529083118550520
0.000500971746544237
0.000474772664399993
0.000450329183398165
0.000427499393810592
0.000406154620827230
0.000386178052313234
0.000367463519402307
0.000349914412380062
0.000333442715859009
0.000317968149778628
0.000303417404294439
0.000289723457305677
0.000276824965069105
0.000264665717957566
0.000253194153752932
0.000242362921608775
0.000232128491315475
0.000222450802934524
0.000213292951892380
0.000204620905695147
0.000196403249166016
0.000188610954835055
0.000181217175550924
0.000174197057320596
0.000167527570247754
0.000161187355286224
0.000155156585353466
0.000149416839599175
0.000143950989150162
0.000138743093075543
0.000133778303929544
0.000129042781808047
0.000124523615763283
0.000120208752141133
0.000116086929335811
0.000112147617979697
0.000108380966090126
0.000104777749053466
0.000101329323771908
0.000098027586367614
0.000094864933463523
0.000091834226750169
0.000088928760183386
0.000086142229743370
0.000083468705799648
0.000080902607542385
0.000078438679203883
0.000076071968282125
0.000073797805493041
0.000071611785997585
0.000069509752071396
0.000067487777254569
0.000065542151498854
0.000063669367274965
0.000061866106900176
0.000060129230757027
0.000058455766123282
0.000056842896914350
0.000055287954281726
0.000053788407642510
0.000052341856293481
0.000050946021820748
0.000049598740914098
0.000048297958484878
0.000047041721437802
0.000045828172908787
0.000044655546638711
0.000043522161781108
0.000042426418236032
0.000041366792092041
0.000040341831260418
0.000039350151618799
0.000038390433347565
0.000037461417272021
0.000036561901592436
0.000035690738931243
0.000034846833314899
0.000034029137345903
0.000033236649772122
0.000032468413046454
0.000031723510874028
0.000031001066133691
0.000030300238929872
0.000029620224502577
0.000028960251379070
0.000028319579801636
0.000027697500006317
0.000027093330548736
0.000026506416979017
0.000025936130478992
0.000025381866370422
0.000024843042929996
0.000024319100342275
0.000023809499443403
0.000023313720628344
0.000022831263057306
0.000022361643710525
0.000021904396431191
0.000021459071351261
0.000021025234355263
0.000020602466426445
0.000020190363374968
0.000019788535889494
0.000019396609545999
0.000019014225193079
0.000018641040027382
0.000018276728999764
0.000017920986781520
0.000017573530959808
0.000017234106406003
0.000016902490918987
0.000016578503102728
0.000016262013020780
0.000015952955841557
0.000015651349616474
0.000015357318369284
0.000015071120801150
0.000014793185113669
0.000014524150162251
0.000014264910684021
0.000014016661423852
0.000013780931157822
0.000013559590334408
0.000013354807193967
0.000013168920722291
0.000013004197950042
0.000012862456891549
0.000012744576787563
0.000012649983824236
0.000012576270683182
0.000012519137339957
0.000012472777869224
0.000012430676924602
0.000012386597050620
0.000012335451210382
0.000012273820609387
0.000012200045376330
0.000012113977012554
0.000012016557908472
0.000011909379642017
0.000011794313831482
0.000011673250853008
0.000011547941537790
0.000011419918303622
0.000011290470128630
0.000011160650068174
0.000011031299010688
0.000010903075498264
0.000010776486521087
0.000010651915964871
0.000010529648897999
0.000010409892103927
0.000010292791248116
0.000010178444340826
0.000010066912337453
0.000009958227978566
0.000009852402591256
0.000009749431040244
0.000009649295982093
0.000009551971327133
0.000009457424445718
0.000009365618036960
0.000009276511983642
0.000009190064377749
0.000009106232154555
0.000009024972103722
0.000008946241483002
0.000008869998054367
0.000008796200550549
0.000008724809198506
0.000008655785555832
0.000008589092561258
0.000008524695033164
0.000008462559567306
0.000008402654279096
0.000008344949207949
0.000008289416419256
0.000008236029583541
0.000008184764177597
0.000008135597813712
0.000008088509834122
0.000008043481235715
0.000008000495140935
0.000007959536578189
0.000007920592141460
0.000007883650446153
0.000007848702205562
0.000007815739733312
0.000007784757215779
0.000007755751093680
0.000007728719585426
0.000007703662660898
0.000007680582626991
0.000007659483863571
0.000007640372486240
0.000007623256952829
0.000007608148150339
0.000007595058853253
0.000007584004146185
0.000007575001892663
0.000007568072189288
0.000007563237451315
0.000007560523165640
0.000007559957574152
0.000007561571382812
0.000007565398595561
0.000007571476615124
0.000007579845678781
0.000007590549527123
0.000007603635995536
0.000007619156405070
0.000007637165862347
0.000007657724263378
0.000007680895931061
0.000007706749465849
0.000007735358944878
0.000007766804070813
0.000007801169665506
0.000007838546772305
0.000007879033464283
0.000007922734243642
0.000007969760779327
0.000008020233346706
0.000008074280508340
0.000008132039350057
0.000008193657344135
0.000008259292699636
0.000008329114172729
0.000008403303025723
0.000008482054334503
0.000008565576689248
0.000008654093918029
0.000008747847448978
0.000008847096418608
0.000008952118969938
0.000009063215547950
0.000009180710034363
0.000009304950707957
0.000009436314187512
0.000009575208183045
0.000009722072574731
0.000009877383696447
0.000010041659149286
0.000010215459845965
0.000010399394522591
0.000010594126871080
0.000010800379738928
0.000011018940208749
0.000011250669194845
0.000011496509248574
0.000011757491262506
0.000012034746810528
0.000012329521221505
0.000012643183940768
0.000012977244475257
0.000013333372708061
0.000013713416205553
0.000014119421901417
0.000014553666332163
0.000015018684839815
0.000015517303407933
0.000016052683119291
0.000016628368620716
0.000017248338288529
0.000017917070567899
0.000018639622972860
0.000019421714791807
0.000020269829307064
0.000021191341273939
0.000022194655868093
0.000023289371705492
0.000024486485772587
0.000025798626271639
0.000027240317505929
0.000028828306085316
0.000030581940211925
0.000032523590887624
0.000034679146246979
0.000037078575854319
0.000039756520700988
0.000042752903915654
0.000046113524033479
0.000049890478035651
0.000054142230088406
0.000058933054155633
0.000064331290389092
0.000070405580777837
0.000077217956758216
0.000084812098659734
0.000093194644946423
0.000102307662001455
0.000111991679404436
0.000121942395831055
0.000131671974866125
0.000140496819199355
0.000147582067225707
0.000152067017804829
0.000153262281885836
0.000150854946278306
0.000145023644520874
0.000136396462568387
0.000125871018168593
0.000114388591424736
0.000102757204221112
0.000091566136693062
0.000081180460053551
0.000071780962761517
0.000063417905119093
0.000056059869685910
0.000049630759899377
0.000044034807092562
0.000039171926680712
0.000034946252137358
0.000031270347328725
0.000028066811639556
0.000025268365179541
0.000022817188708364
0.000020663960642276
0.000018766771677208
0.000017090064265437
0.000015603693080138
0.000014282088416490
0.000013103518753737
0.000012049483184521
0.000011104203081248
0.000010254178412534
0.000009487825937251
0.000008795187938105
0.000008167675341750
0.000007597853309090
0.000007079274826668
0.000006606333560948
0.000006174134333818
0.000005778395445289
0.000005415364802757
0.000005081740107497
0.000004774608618899
0.000004491399459401
0.000004229834130316
0.000003987886986674
0.000003763757817617
0.000003555841671740
0.000003362701413453
0.000003183051193808
0.000003015738857516
0.000002859726297425
0.000002714078380531
0.000002577953444336
0.000002450589356099
0.000002331294954815
0.000002219445418508
0.000002114472903081
0.000002015859155393
0.000001923133400419
0.000001835866745450
0.000001753665590749
0.000001676170395540
0.000001603053041528
0.000001534011177058
0.000001468766855063
0.000001407065977530
0.000001348673876077
0.000001293373370645
0.000001240965391534
0.000001191266032588
0.000001144104022273
0.000001099321698378
0.000001056773573813
0.000001016323508515
0.000000977845396241
0.000000941223051453
0.000000906347507214
0.000000873117029845
0.000000841437943601
0.000000811222467863
0.000000782387951862
0.000000754858150009
0.000000728561886390
0.000000703431644442
0.000000679404808232
