-1.000000000000000000
-1.000000000000000000
-1.000000000000000000
-1.000000000000000000
-1.000000000000000000
-1.000000000000000000
-1.000000000000000000
-1.000000000000000000
-1.000000000000000000
-1.000000000000000000
-1.000000000000000000
-1.000000000000000000
0.777323734632712500
0.761345058937518100
0.745734455144614600
0.730485721396061200
0.715592656831866500
0.701049068653252900
0.686848778774965000
0.672985630080422900
0.659453492291389300
0.646246267463524300
0.633357895122561500
0.620782357051698600
0.608513681742692600
0.596545948524278000
0.584873291378382000
0.573489902457401300
0.562390035313290700
0.551568007851359300
0.541018205018418000
0.530735081238401300
0.520713162604185700
0.510947048837729600
0.501431415027845400
0.492161013155864000
0.483130673419075840
0.474335305360017300
0.465769898811918440
0.457429524668227950
0.449309335483826950
0.441404565917247360
0.433710533019976030
0.426222636380454050
0.418936358130144000
0.411847262817451270
0.404950997155815300
0.398243289651792000
0.391719950118770030
0.385376869081110100
0.379210017073585700
0.373215443841348000
0.367389277443576000
0.361727723265197400
0.356227062941078900
0.350883653194774700
0.345693924596294100
0.340654380241103950
0.335761594353245200
0.331012210815690900
0.326402941629657550
0.321930565305386000
0.317591925187368230
0.313383927714770000
0.309303540620096500
0.305347791068135300
0.301513763736424360
0.297798598840634700
0.294199490105373830
0.290713682684456700
0.287338471031921560
0.284071196726705900
0.280909246253859270
0.277850048745930100
0.274891073687038100
0.272029828583926600
0.269263856608579160
0.266590734215799700
0.264008068741863200
0.261513495989053800
0.259104677801817700
0.256779299641374970
0.254535068165113700
0.252369708817834900
0.250280963442898400
0.248266587920853180
0.246324349843580950
0.244452026233029280
0.242647401312531460
0.240908264339547150
0.239232407508745250
0.237617623933204990
0.236061705712478140
0.234562442094574100
0.233117617739521200
0.231725011089860850
0.230382392854449750
0.229087524608926230
0.227838157516443900
0.226632031170077770
0.225466872557245230
0.224340395144620400
0.223250298081038700
0.222194265513132340
0.221169966007849880
0.220175052073835600
0.219207159772052850
0.218263908404694700
0.217342900270109330
0.216441720470397600
0.215557936756970380
0.214689099399430840
0.213832741062170480
0.212986376672987860
0.212147503269114440
0.211313599805208420
0.210482126910541400
0.209650526582666340
0.208816221807781170
0.207976616098859870
0.207129092947131940
0.206271015184089050
0.205399724255568380
0.204512539413612050
0.203606756836619700
0.202679648693094500
0.201728462171510300
0.200750418504318200
0.199742712023118770
0.198702509289582140
0.197626948358055700
0.196513138235179820
0.195358158616599050
0.194159059993697650
0.192912864240613460
0.191616565810294300
0.190267133689233180
0.188861514284423020
0.187396635442651620
0.185869411831856800
0.184276751946755750
0.182615567036486040
0.180882782289531400
0.179075350651076300
0.177190269687379940
0.175224601950419060
0.173175499330122360
0.171040231907654900
0.168816221836397000
0.166501082770117550
0.164092665322735120
0.161589108969905050
0.158988900676383020
0.156290940342316750
0.153494612888348120
0.150599866431188830
0.147607295525285650
0.144518227854156600
0.141334812053639760
0.138060103553776740
0.134698144480494160
0.131254032823903200
0.127733975357359590
0.124145318298955020
0.120496549591337520
0.116797267079498210
0.113058107915068730
0.109290636273715320
0.105507188915188430
0.101720681103330000
0.097944378665707520
0.094191645138085590
0.090475675580375640
0.086809230363348980
0.083204382709969470
0.079672292912116760
0.076223020020419950
0.072865378711881870
0.069606845400813700
0.066453513953785850
0.063410098036092060
0.060479974482684850
0.057665260329647430
0.054966915288948520
0.052384861406393700
0.049918112235211780
0.047564904880466110
0.045322829521478430
0.043188952330561595
0.041159928951259264
0.039232106796300450
0.037401615333536080
0.035664444236687970
0.034016509797347376
0.032453710348493020
0.030971971666548342
0.029567283428057250
0.028235727826395190
0.026973501426528546
0.025776931271443680
0.024642486167467788
0.023566783978532554
0.022546595659278135
0.021578846659613057
0.020660616241973360
0.019789135169150245
0.018961782146079152
0.018176079333628192
0.017429687195618347
0.016720398891721694
0.016046134387731396
0.015404934419882351
0.014794954421085827
0.014214458492830172
0.013661813486854895
0.013135483244516662
0.012634023028664496
0.012156074172306517
0.011700358959888383
0.011265675750283300
0.010850894345389522
0.010454951604072348
0.010076847298144672
0.009715640204679844
0.009370444427279273
0.009040425937669376
0.008724799328218387
0.008422824765484477
0.008133805134612874
0.007857083364417346
0.007592039923015952
0.007338090474144949
0.007094683684543188
0.006861299173139429
0.006637445593194038
0.006422658838911606
0.006216500368517577
0.006018555636168521
0.005828432625539743
0.005645760478309381
0.005470188211197551
0.005301383515588287
0.005139031634151868
0.004982834309223014
0.004832508798061516
0.004687786950401060
0.004548414344031416
0.004414149474422382
0.004284762994657361
0.004160037002224733
0.004039764369405524
0.003923748114246891
0.003811800809291427
0.003703744025434708
0.003599407808445033
0.003498630185853852
0.003401256702066636
0.003307139979693438
0.003216139305224044
0.003128120237301897
0.003042954235960266
0.002960518311303938
0.002880694690223061
0.002803370499824767
0.002728437466383231
0.002655791628706194
0.002585333064932367
0.002516965631892758
0.002450596716303271
0.002386136997211574
0.002323500219298791
0.002262602976857722
0.002203364508532599
0.002145706503241679
0.002089552918104263
0.002034829809738000
0.001981465180924908
0.001929388845512752
0.001878532315459080
0.001828828715293734
0.001780212730979858
0.001732620602317400
0.001685990170743998
0.001640260997774207
0.001595374573491669
0.001551274639629895
0.001507907657891116
0.001465223461378623
0.001423176135208962
0.001381725181280261
0.001340837031089191
0.001300486978168106
0.001260661605933694
0.001221361783987817
0.001182606290822069
0.001144436085778601
0.001106919187728321
0.001070156009742451
0.001034284834938879
0.000999486888968965
0.000965990170450406
0.000934070865806904
0.000904050860837602
0.000876289680500981
0.000851169306188654
0.000829070927187270
0.000810343924850146
0.000795269246050020
0.000784021491763139
0.000776635890236003
0.000772987008641930
0.000772784901146232
0.000775591301180427
0.000780854181371553
0.000787954907864810
0.000796259719874420
0.000805167130567911
0.000814144856729892
0.000822753068253755
0.000830653928363143
0.000837609711980156
0.000843472923422346
0.000848171926955895
0.000851695028203770
0.000854075091782568
0.000855375937052846
0.000855681072674724
0.000855084857955224
0.000853685896930857
0.000851582334807036
0.000848868687448234
0.000845633852690252
0.000841959998291517
0.000837922076727423
0.000833587771152709
0.000829017724515090
0.000824265943186648
0.000819380297601633
0.000814403066186430
0.000809371486564173
0.000804318290890192
0.000799272211319760
0.000794258447973517
0.000789299096082854
0.000784413531838671
0.000779618758257915
0.000774929713456691
0.000770359544278086
0.000765919848464662
0.000761620888589240
0.000757471780835387
0.000753480661537501
0.000749654834156916
0.000746000899120635
0.000742524868710899
0.000739232268956740
0.000736128230256463
0.000733217568273048
0.000730504856452863
0.000727994491364313
0.000725690751920013
0.000723597853409878
0.000721719997176216
0.000720061416671202
0.000718626420548251
0.000717419433383897
0.000716445034566099
0.000715707995832521
0.000715213317913910
0.000714966266704272
0.000714972409346563
0.000715237650621142
0.000715768270003936
0.000716570959749052
0.000717652864370830
0.000719021621882448
0.000720685407169455
0.000722652977899967
0.000724933723372759
0.000727537716749058
0.000730475771147747
0.000733759500098413
0.000737401382924215
0.000741414835666357
0.000745814288205982
0.000750615268353385
0.000755834493720919
0.000761489972294764
0.000767601112767293
0.000774188845762581
0.000781275757267209
0.000788886235756479
0.000797046634639398
0.000805785451927035
0.000815133529258695
0.000825124272662663
0.000835793897849580
0.000847181703144950
0.000859330373612293
0.000872286320502937
0.000886100060652046
0.000900826641179879
0.000916526115686708
0.000933264078918078
0.000951112268068280
0.000970149240071974
0.000990461135574525
0.001012142542087885
0.001035297470614967
0.001060040462230965
0.001086497843827346
0.001114809154929675
0.001145128771000989
0.001177627752554388
0.001212495953462523
0.001249944426998519
0.001290208173356310
0.001333549277952587
0.001380260496163057
0.001430669345621372
0.001485142772403952
0.001544092461269975
0.001607980859894156
0.001677327982256448
0.001752719042042954
0.001834812937184784
0.001924351555160940
0.002022169780194308
0.002129205940822755
0.002246512213263429
0.002375264149935084
0.002516767981072413
0.002672463562054322
0.002843919704629451
0.003032817012933205
0.003240911095306549
0.003469966014331765
0.003721644046909931
0.003997333485936876
0.004297892149009517
0.004623282362186794
0.004972077095185073
0.005340832651062668
0.005723359009423148
0.006109982396711002
0.006486986496587938
0.006836520101050034
0.007137319017387900
0.007366527069386316
0.007502639767667804
0.007529143127380952
0.007437942690500690
0.007231464550875392
0.006922599008487223
0.006532405751603428
0.006086333830349029
0.005610167406719434
0.005126783402246491
0.004654274888517283
0.004205416778641790
0.003788094265209700
0.003406230291810212
0.003060840476199859
0.002750991924239023
0.002474570119091767
0.002228840038015845
0.002010828260488850
0.001817566122552718
0.001646232855233987
0.001494230763519528
0.001359216494767872
0.001239105364032695
0.001132060184789672
0.001036472030416115
0.000950937569036798
0.000874235757746425
0.000805305467458182
0.000743224851607178
0.000687192803917638
0.000636512570787795
0.000590577435266369
0.000548858306728072
0.000510893017941177
0.000476277128250535
0.000444656035223220
0.000415718216859812
0.000389189445030057
0.000364827827502943
0.000342419559027503
0.000321775275553953
0.000302726921441530
0.000285125055299420
0.000268836527571948
0.000253742476046507
0.000239736593210588
0.000226723624288318
0.000214618064522547
0.000203343026259440
0.000192829251431642
0.000183014250588993
0.000173841549211050
0.000165260027621336
0.000157223342108981
0.000149689415017806
0.000142619986373734
0.000135980217957686
0.000129738342899876
0.000123865356249071
0.000118334739711072
0.000113122217415963
0.000108205538929388
0.000103564285057579
0.000099179695318811
0.000095034513331939
0.000091112848127929
0.000087400050560759
0.000083882601517135
0.000080548011847974
0.000077384732461371
0.000074382072566515
0.000071530126713174
0.000068819708340925
0.000066242289549968
0.000063789947181259
0.000061455313061132
0.000059231529396633
0.000057112208223093
0.000055091393911020
0.000053163529850376
0.000051323427408222
0.000049566237685425
0.000047887426204441
0.000046282748906922
0.000044748230892129
0.000043280146708453
0.000041875001851855
0.000040529516590745
0.000039240610301371
0.000038005387381667
0.000036821124579498
0.000035685258518628
0.000034595375031786
0.000033549198846699
0.000032544583861303
0.000031579504871525
0.000030652049007933
0.000029760408373155
0.000028902873248057
0.000028077825120664
0.000027283731125390
0.000026519138158267
0.000025782667506534
0.000025073010398097
0.000024388922928301
0.000023729222168928
0.000023092782289175
0.000022478530569225
0.000021885444674817
0.000021312549322000
0.000020758913829309
0.000020223650402738
0.000019705912144959
0.000019204892882002
0.000018719827347301
0.000018249992713394
0.000017794712835062
0.000017353364109773
0.000016925385999347
0.000016510296726592
0.000016107715827812
0.000015717398170215
0.000015339281066297
0.000014973550495574
0.000014620731265922
0.000014281803083862
0.000013958342962949
0.000013652677344556
0.000013368003281871
0.000013108393641771
0.000012878538164122
0.000012683033390836
0.000012525085528264
0.000012404756966278
0.000012317383073078
0.000012253194999741
0.000012198926909835
0.000012141038850796
0.000012069005885377
0.000011977107979083
0.000011864288475805
0.000011732777143314
0.000011586460544675
0.000011429615128303
0.000011266165839658
0.000011099369957460
0.000010931761718000
0.000010765226267447
0.000010601116775993
0.000010440373909724
0.000010283629901284
0.000010131290512931
0.000009983599196645
0.000009840684092572
0.000009702592181552
0.000009569315210299
0.000009440806783151
0.000009316995723027
0.000009197795457861
0.000009083109723789
0.000008972838207688
0.000008866879049132
0.000008765131173641
0.000008667496524327
0.000008573880042090
0.000008484191367885
0.000008398344920035
0.000008316259755917
0.000008237860797765
0.000008163077725520
0.000008091845736941
0.000008024105644217
0.000007959802920685
0.000007898888981315
0.000007841320066403
0.000007787057496461
0.000007736068315443
0.000007688323932103
0.000007643801497806
0.000007602483181440
0.000007564355905632
0.000007529412626780
0.000007497650803599
0.000007469073692593
0.000007443690268083
0.000007421514404365
0.000007402566735604
0.000007386873211236
0.000007374466092702
0.000007365384718190
0.000007359674179099
0.000007357387625877
0.000007358585232157
0.000007363334709395
0.000007371713074539
0.000007383804993361
0.000007399705358552
0.000007419519052068
0.000007443360881042
0.000007471358475730
0.000007503650631006
0.000007540389990698
0.000007581744080457
0.000007627894722656
0.000007679042196762
0.000007735404125946
0.000007797218190979
0.000007864745042696
0.000007938267519487
0.000008018096299573
0.000008104570215247
0.000008198059167260
0.000008298969808200
0.000008407745370916
0.000008524873359421
0.000008650888783901
0.000008786378033424
0.000008931988868220
0.000009088432638020
0.000009256495406363
0.000009437046875140
0.000009631047360926
0.000009839565205672
0.000010063785318986
0.000010305027334043
0.000010564765974040
0.000010844646728230
0.000011146517837024
0.000011472454390343
0.000011824793039175
0.000012206177259730
0.000012619596571931
0.000013068451425733
0.000013556616470787
0.000014088518353855
0.000014669241193576
0.000015304631147352
0.000016001445897326
0.000016767523608278
0.000017611982932041
0.000018545491567881
0.000019580562880575
0.000020731948262789
0.000022017114964487
0.000023456817055324
0.000025075844961230
0.000026903907333692
0.000028976748545360
0.000031337528155617
0.000034038447451686
0.000037142750243024
0.000040726950374197
0.000044883219429768
0.000049721593104928
0.000055371053524909
0.000061978035214277
0.000069699039952624
0.000078681831577256
0.000089026265521704
0.000100711885917530
0.000113480940676298
0.000126680911554077
0.000139119036058490
0.000149063775596538
0.000154574569446771
0.000154197724652199
0.000147688450165699
0.000136195985502925
0.000121726064843896
0.000106317414329966
0.000091482684570768
0.000078075849271730
0.000066425302194401
0.000056534175557542
0.000048243266703627
0.000041334194835296
0.000035584559838106
0.000030792701432916
0.000026786105599213
0.000023421671912761
0.000020582653762559
0.000018174636894823
0.000016121475659732
0.000014361792875322
0.000012846012732419
0.000011533947352239
0.000010392913812187
0.000009396186975784
0.000008521822988206
0.000007751716921302
0.000007070843684367
0.000006466692794455
0.000005928782072334
0.000005448294370329
0.000005017784529486
0.000004630926147839
0.000004282335239774
0.000003967401669847
0.000003682164522894
0.000003423214234414
0.000003187594732724
0.000002972744814742
0.000002776432426053
0.000002596705430541
0.000002431857919476
0.000002280385913760
0.000002140967280929
0.000002012433729415
0.000001893747854150
0.000001783992605979
0.000001682348095330
0.000001588084828349
0.000001500551354821
0.000001419161382705
0.000001343392142970
0.000001272770745019
0.000001206871994231
0.000001145313296124
0.000001087746031541
0.000001033857356833
0.000000983361529859
0.000000935999099943
0.000000891535491110
0.000000849754417099
0.000000810460856691
0.000000773475325444
0.000000738633239903
0.000000705785485016
0.000000674792979430
0.000000645529837591
0.000000617879586274
0.000000591734283256
0.000000566996183014
0.000000543573084160
0.000000521381236893
0.000000500342948753
0.000000480385350716
0.000000461442656599
0.000000443452135127
0.000000426356573124
0.000000410102924998
0.000000394640745017
0.000000379924732367
0.000000365911255513
0.000000352560304148
0.000000339834944901
0.000000327699485584
0.000000316122108382
0.000000305071906908
0.000000294520322318
0.000000284441228734
0.000000274808908257
0.000000265600642282
0.000000256794232517
0.000000248368949388
0.000000240306109052
0.000000232586936529
0.000000225195030087
0.000000218114339915
0.000000211329674977
0.000000204827661314
0.000000198594564410
0.000000192618575354
0.000000186888222361
0.000000181392495256
0.000000176122100493
0.000000171067311069
0.000000166220056768
0.000000161572754112
0.000000157118129577
0.000000152850726941
0.000000148764873558
0.000000144856619050
0.000000141123023490
0.000000137561840924
0.000000134173355789
0.000000130958688017
0.000000127921840917
0.000000125069752873
0.000000122412369714
0.000000119965386611
0.000000117749727598
0.000000115794743242
0.000000114140127125
0.000000112837453822
0.000000111953907771
0.000000111570323512
0.000000111776236381
0.000000112649904830
0.000000114211529209
0.000000116342166860
0.000000118675420560
0.000000120547995386
0.000000121148559285
0.000000119899563433
0.000000116800838841
0.000000112385657938
0.000000107363819713
0.000000102307518102
0.000000097549649489
0.000000093229303119
0.000000089369129604
0.000000085936024590
0.000000082877873680
0.000000080139474384
0.000000077671339596
0.000000075431214793
0.000000073383710690
0.000000071500705561
0.000000069758611080
0.000000068138731102
0.000000066625863153
0.000000065207051148
0.000000063872391762
0.000000062612935347
0.000000061421584609
0.000000060292480993
0.000000059220076510
0.000000058200433914
0.000000057229466033
0.000000056303944328
0.000000055421267445
0.000000054578507813
0.000000053773912182
0.000000053005266809
0.000000052270832622
0.000000051569363751
0.000000050899029165
0.000000050259024123
0.000000049648010186
0.000000049064920864
0.000000048509195657
0.000000047979551255
0.000000047475672767
0.000000046996720733
0.000000046541984815
0.000000046111325802
0.000000045703789350
0.000000045319362965
0.000000044957553677
0.000000044617876123
0.000000044300504472
0.000000044004725118
0.000000043730752008
0.000000043478382157
0.000000043247305846
0.000000043037976060
0.000000042849895197
0.000000042683485156
0.000000042538829511
0.000000042415791905
0.000000042315116165
0.000000042236538478
0.000000042180711917
0.000000042148045735
0.000000042138614354
0.000000042153508301
0.000000042192758111
0.000000042257316310
0.000000042348006978
0.000000042465201850
0.000000042610451896
0.000000042784202235
0.000000042987838629
0.000000043222765030
0.000000043489814723
0.000000043791206377
0.000000044128020076
0.000000044502320857
0.000000044916389905
0.000000045371826357
0.000000045871892963
0.000000046418711430
0.000000047015483968
0.000000047665918118
0.000000048372957594
0.000000049141617128
0.000000049975840620
0.000000050880856757
0.000000051862864908
0.000000052927310661
0.000000054082369871
0.000000055335398191
0.000000056695488892
0.000000058173545368
0.000000059779993175
0.000000061529191968
0.000000063435404713
0.000000065515707101
0.000000067790712554
0.000000070281617169
0.000000073016089500
0.000000076023770187
0.000000079339929269
0.000000083007510946
0.000000087073592102
0.000000091598055511
0.000000096649113809
0.000000102309013793
0.000000108679464241
0.000000115878735489
0.000000124057069148
0.000000133395220728
0.000000144117451221
0.000000156508305042
0.000000170917905971
0.000000187799359042
0.000000207726045233
0.000000231435248841
0.000000259889080736
0.000000294320194792
0.000000336336473363
0.000000387978741870
0.000000451762548897
0.000000530591431263
0.000000627215109120
0.000000742911933525
0.000000874479187204
0.000001009389849933
0.000001121642685552
0.000001175998492338
0.000001147524202555
0.000001042297786365
0.000000893622799789
0.000000737895412209
0.000000597699382084
0.000000481241188946
0.000000388296044159
0.000000315353211120
0.000000258340200775
0.000000213626086223
0.000000178317790936
0.000000150193148280
0.000000127576344230
0.000000109220670119
0.000000094182505167
0.000000081756069408
0.000000071403365880
0.000000062710038534
0.000000055360074182
0.000000049102471959
0.000000043742775819
0.000000039125974489
0.000000035126664782
0.000000031646434679
0.000000028602673560
0.000000025929610342
0.000000023572816084
0.000000021486206688
0.000000019633189296
0.000000017981358624
