-1.000000000000000000
-1.000000000000000000
-1.000000000000000000
-1.000000000000000000
-1.000000000000000000
-1.000000000000000000
-1.000000000000000000
-1.000000000000000000
-1.000000000000000000
-1.000000000000000000
-1.000000000000000000
-1.000000000000000000
0.777288225346676200
0.761307380941252500
0.745694710148958300
0.730444007153287100
0.715549067213378700
0.701003693725178500
0.686801704872253900
0.672936939878574100
0.659403264875636800
0.646194578396341300
0.633304816507789800
0.620727957595985600
0.608458026814264600
0.596489100208064300
0.584815308528035800
0.573430840743635200
0.562329947268858100
0.551506942911764000
0.540956209559149900
0.530672198607464500
0.520649433150729900
0.510882509936084300
0.501366101097018000
0.492094955674419350
0.483063900934718460
0.474267843494662700
0.465701770261340400
0.457360749196239370
0.449239929911426640
0.441334544105687800
0.433639905848190700
0.426151411716820400
0.418864540797951300
0.411774854554213530
0.404877996566208650
0.398169692154254900
0.391645747885295200
0.385302050970324500
0.379134568557215560
0.373139346923251070
0.367312510571909450
0.361650261237538800
0.356148876801888170
0.350804710125937000
0.345614187799965440
0.340573808815253070
0.335680143159957260
0.330929830341869960
0.326319577840557200
0.321846159491173600
0.317506413802328400
0.313297242209905740
0.309215607269310800
0.305258530787921640
0.301423091900018600
0.297706425086468300
0.294105718141032040
0.290618210086169600
0.287241189040553850
0.283971990040950500
0.280807992821802850
0.277746619555315800
0.274785332555907500
0.271921631952654800
0.269153053334198760
0.266477165370505750
0.263891567416810970
0.261393887104943430
0.258981777928188500
0.256652916825871700
0.254405001774650250
0.252235749393516340
0.250142892570198670
0.248124178116903930
0.246177364463550180
0.244300219396791000
0.242490517853585660
0.240746039777632540
0.239064568047154730
0.237443886482395620
0.235881777940514240
0.234376022505401240
0.232924395779140150
0.231524667280967160
0.230174598958835000
0.228871943817470950
0.227614444665531270
0.226399832983239260
0.225225827910416680
0.224090135352997930
0.222990447204988120
0.221924440680784570
0.220889777751165060
0.219884104675074660
0.218905051617205030
0.217950232340368100
0.217017243960329930
0.216103666749681300
0.215207063976289860
0.214324981761796200
0.213454948944646140
0.212594476932854520
0.211741059531495600
0.210892172731048160
0.210045274443653980
0.209197804175846740
0.208347182628280900
0.207490811215444830
0.206626071500842360
0.205750324546907840
0.204860910182059000
0.203955146192258850
0.203030327448871450
0.202083724990404220
0.201112585081846900
0.200114128282500700
0.199085548561039330
0.198024012505674700
0.196926658687466870
0.195790597246385920
0.194612909782866020
0.193390649652588300
0.192120842779026440
0.190800489117483730
0.189426564925994440
0.187996026022685230
0.186505812236324620
0.184952853286851520
0.183334076365502700
0.181646415719874900
0.179886824586643800
0.178052289853906140
0.176139849873460120
0.174146615880201300
0.172069797506366300
0.169906732900673400
0.167654923968702000
0.165312077235793750
0.162876150787287600
0.160345407652612880
0.157718475856335200
0.154994415147234050
0.152172790119724430
0.149253749047931040
0.146238107249709340
0.143127433182910070
0.139924134756933500
0.136631542542649560
0.133253985730849980
0.129796855895415430
0.126266652965325100
0.122671007425657270
0.119018672795309200
0.115319483005777700
0.111584270538314630
0.107824743107543960
0.104053319252183820
0.100282926232896490
0.096526766849382380
0.092798064787149330
0.089109800470741570
0.085474450760287480
0.081903745934017170
0.078408456189008810
0.074998217510368740
0.071681403531354050
0.068465046372870040
0.065354805875361240
0.062354983524209790
0.059468575003725840
0.056697353828573460
0.054041977886387114
0.051502110864617760
0.049076551245826610
0.046763362635804180
0.044560000447239820
0.042463431243043075
0.040470242235163500
0.038576739468567770
0.036779034063383480
0.035073116537093190
0.033454919696954190
0.031920370905032344
0.030465434703135383
0.029086146871021420
0.027778641004762124
0.026539168665091196
0.025364114075996272
0.024250004265453966
0.023193515443368937
0.022191476313583917
0.021240868922143130
0.020338827555803858
0.019482636124721490
0.018669724391924190
0.017897663349822297
0.017164159989947190
0.016467051665994260
0.015804300211116968
0.015173985937588666
0.014574301619566013
0.014003546537015330
0.013460120640267526
0.012942518879427293
0.012449325730552834
0.011979209940580788
0.011530919505043074
0.011103276886353361
0.010695174475502554
0.010305570296216600
0.009933483947707662
0.009577992779994252
0.009238228294187687
0.008913372759032286
0.008602656034261821
0.008305352590915418
0.008020778718542764
0.007748289909228272
0.007487278408473406
0.007237170923207260
0.006997426477490559
0.006767534406833719
0.006547012482435554
0.006335405157060393
0.006132281924687979
0.005937235786503694
0.005749881816200313
0.005569855817988896
0.005396813071105256
0.005230427154983498
0.005070388849636272
0.004916405106132073
0.004768198082387784
0.004625504239810432
0.004488073496615431
0.004355668433925856
0.004228063551016175
0.004105044566306876
0.003986407760944056
0.003871959362005749
0.003761514962578203
0.003654898976125335
0.003551944122745842
0.003452490945073922
0.003356387351721106
0.003263488186305231
0.003173654820230584
0.003086754767515028
0.003002661320070136
0.002921253201952584
0.002842414241214414
0.002766033058084295
0.002692002768319629
0.002620220700682950
0.002550588127613591
0.002483010008294966
0.002417394743470670
0.002353653941528869
0.002291702195584940
0.002231456871538856
0.002172837907391684
0.002115767624487992
0.002060170551834029
0.002005973265248307
0.001953104243869478
0.001901493747529336
0.001851073719731581
0.001801777722550619
0.001753540911745664
0.001706300062872906
0.001659993662292360
0.001614562080818750
0.001569947852488179
0.001526096086618426
0.001482955048092495
0.001440476948569143
0.001398618999906335
0.001357344789961847
0.001316626049070786
0.001276444881093924
0.001236796533002223
0.001197692766921552
0.001159165871698360
0.001121273298162827
0.001084102811748049
0.001047777915017239
0.001012463089652764
0.000978368138887902
0.000945750591156005
0.000914914799265986
0.000886206128121246
0.000859998612694835
0.000836674870511109
0.000816598039060111
0.000800077134067208
0.000787329305056617
0.000778444491369446
0.000773359178770600
0.000771845549049578
0.000773519948619340
0.000777870689810770
0.000784300910611215
0.000792179016514279
0.000800888169489867
0.000809867535332126
0.000818640829937154
0.000826830969029986
0.000834162313396295
0.000840453585333274
0.000845604994415867
0.000849582756918196
0.000852403420661179
0.000854119545987169
0.000854807546177332
0.000854557940069270
0.000853467918974683
0.000851635942397895
0.000849158004414784
0.000846125211228187
0.000842622347148674
0.000838727158726026
0.000834510141577739
0.000830034664565281
0.000825357308377273
0.000820528329696458
0.000815592188564305
0.000810588096457288
0.000805550557205358
0.000800509883377879
0.000795492678139410
0.000790522277643360
0.000785619152412602
0.000780801268337211
0.000776084409260605
0.000771482463876902
0.000767007680025934
0.000762670889579446
0.000758481707045429
0.000754448704862779
0.000750579568144814
0.000746881231387371
0.000743359999418198
0.000740021654626720
0.000736871552286440
0.000733914705582541
0.000731155861770216
0.000728599570718680
0.000726250246958733
0.000724112226214751
0.000722189817292053
0.000720487350099707
0.000719009220496876
0.000717759932584838
0.000716744139011189
0.000715966679792610
0.000715432620131078
0.000715147287664975
0.000715116309561763
0.000715345649853126
0.000715841647394586
0.000716611054818556
0.000717661078864969
0.000718999422463343
0.000720634328951093
0.000722574628843972
0.000724829789571632
0.000727409968633617
0.000730326070668153
0.000733589808943489
0.000737213771853130
0.000741211495043147
0.000745597539846401
0.000750387578804660
0.000755598489120532
0.000761248454974623
0.000767357079790458
0.000773945509614008
0.000781036568946576
0.000788654910556117
0.000796827180937410
0.000805582203365037
0.000814951180727808
0.000824967920590424
0.000835669085337741
0.000847094470597439
0.000859287315586283
0.000872294649612949
0.000886167679490052
0.000900962223353969
0.000916739197234685
0.000933565161554435
0.000951512935929739
0.000970662291871946
0.000991100734374332
0.001012924385205004
0.001036238982558158
0.001061161013988053
0.001087819002277590
0.001116354966687146
0.001146926085581486
0.001179706590336799
0.001214889924587329
0.001252691207971184
0.001293350048659464
0.001337133754451391
0.001384340998195127
0.001435305998302489
0.001490403279606730
0.001550053082215659
0.001614727483910097
0.001684957293823753
0.001761339756019012
0.001844547065160994
0.001935335634543486
0.002034555952931646
0.002143162702171272
0.002262224551967619
0.002392932656362549
0.002536606290704505
0.002694693203117663
0.002868761002369363
0.003060474137233955
0.003271548599073661
0.003503673304834219
0.003758383238353897
0.004036865230430307
0.004339673845242435
0.004666334552944012
0.005014818457971944
0.005380893909019245
0.005757403466441575
0.006133585995005343
0.006494658636466885
0.006821964406285881
0.007094017629533091
0.007288658912534349
0.007386209477573139
0.007373045464970256
0.007244605208348230
0.007006784203531811
0.006675122059669704
0.006271986448562747
0.005822685896015665
0.005351701543493456
0.004879944977993395
0.004423383651887863
0.003992870384647827
0.003594758915363661
0.003231874016192413
0.002904521576680937
0.002611365670948330
0.002350109591860988
0.002117983194554868
0.001912068404468584
0.001729502181766989
0.001567592819865489
0.001423878188647743
0.001296146966565848
0.001182437516084136
0.001081024183968151
0.000990397310387496
0.000909240840708116
0.000836409842339651
0.000770909202314812
0.000711874142816040
0.000658552796601740
0.000610290858420061
0.000566518204524951
0.000526737307173956
0.000490513251587038
0.000457465159365605
0.000427258832322849
0.000399600450240247
0.000374231171132718
0.000350922503513632
0.000329472338126106
0.000309701540063952
0.000291451019691986
0.000274579210916184
0.000258959896045210
0.000244480327736635
0.000231039603257810
0.000218547255179044
0.000206922027840807
0.000196090811929905
0.000185987716275597
0.000176553256969265
0.000167733647412865
0.000159480176618353
0.000151748662527325
0.000144498971244993
0.000137694593544608
0.000131302270282807
0.000125291661736568
0.000119635054299573
0.000114307100015087
0.000109284585612444
0.000104546226201914
0.000100072481722202
0.000095845393067021
0.000091848435022083
0.000088066385202478
0.000084485205997272
0.000081091938584980
0.000077874607999337
0.000074822136975067
0.000071924268804451
0.000069171497495424
0.000066555004330803
0.000064066601045766
0.000061698677714942
0.000059444155759025
0.000057296445422970
0.000055249406551500
0.000053297313519633
0.000051434822856618
0.000049656943664634
0.000047959011063644
0.000046336661251162
0.000044785809185261
0.000043302628030339
0.000041883529946276
0.000040525149090846
0.000039224325398398
0.000037978089909249
0.000036783651483595
0.000035638383962457
0.000034539814981868
0.000033485615241593
0.000032473588513435
0.000031501662897208
0.000030567882025838
0.000029670397439298
0.000028807461397962
0.000027977419820669
0.000027178706394833
0.000026409836446783
0.000025669401516152
0.000024956064520561
0.000024268554630615
0.000023605663226666
0.000022966239695109
0.000022349187533149
0.000021753461319463
0.000021178063285647
0.000020622040969197
0.000020084485190693
0.000019564528342280
0.000019061344291067
0.000018574148688207
0.000018102201328385
0.000017644810910823
0.000017201342348051
0.000016771229414747
0.000016353993096607
0.000015949268940031
0.000015556847156187
0.000015176728535935
0.000014809202927989
0.000014454953987088
0.000014115192621211
0.000013791814228035
0.000013487553713544
0.000013206080526424
0.000012951919073056
0.000012730019470229
0.000012544791030294
0.000012398543636142
0.000012289667740257
0.000012211405867791
0.000012152257346013
0.000012098382091804
0.000012037055798783
0.000011959462032734
0.000011861670067302
0.000011743906586298
0.000011609020533998
0.000011460991283077
0.000011303888721602
0.000011141318550206
0.000010976217180055
0.000010810847779248
0.000010646886864793
0.000010485536877604
0.000010327635346441
0.000010173746290918
0.000010024233161644
0.000009879314847502
0.000009739106499325
0.000009603650672152
0.000009472939203536
0.000009346929128726
0.000009225554852553
0.000009108735724252
0.000008996382583015
0.000008888401897273
0.000008784698402445
0.000008685178007378
0.000008589748528557
0.000008498321181735
0.000008410811417120
0.000008327138771854
0.000008247228071136
0.000008171008894326
0.000008098415938682
0.000008029389460748
0.000007963874455088
0.000007901821615363
0.000007843186706241
0.000007787930556581
0.000007736019710603
0.000007687425398226
0.000007642124514750
0.000007600099201780
0.000007561336605076
0.000007525829870439
0.000007493577050164
0.000007464582116319
0.000007438854880436
0.000007416410537559
0.000007397271047162
0.000007381464072026
0.000007369024000438
0.000007359992313006
0.000007354416934020
0.000007352354032482
0.000007353867109134
0.000007359028018121
0.000007367917914870
0.000007380626473052
0.000007397254172561
0.000007417911703705
0.000007442721025929
0.000007471817093621
0.000007505347068622
0.000007543473234989
0.000007586372989207
0.000007634240067869
0.000007687287373567
0.000007745746448151
0.000007809871304251
0.000007879939463051
0.000007956253674986
0.000008039146420980
0.000008128980185319
0.000008226152809456
0.000008331100434440
0.000008444300451899
0.000008566278792011
0.000008697612127569
0.000008838936052341
0.000008990951650682
0.000009154431359331
0.000009330231359556
0.000009519298216178
0.000009722682818490
0.000009941554328190
0.000010177212930936
0.000010431112561209
0.000010704877890330
0.000011000331091329
0.000011319522050806
0.000011664758011575
0.000012038649470668
0.000012444152593847
0.000012884627125157
0.000013363905885180
0.000013886368401428
0.000014457044518211
0.000015081724077166
0.000015767097719107
0.000016520931084257
0.000017352262047049
0.000018271663611675
0.000019291546749893
0.000020426541798085
0.000021693977334892
0.000023114448132669
0.000024712549793701
0.000026517760029555
0.000028565532193672
0.000030898648930306
0.000033568813456860
0.000036638568144313
0.000040183415237725
0.000044294004658770
0.000049077998391186
0.000054660605961429
0.000061182136443154
0.000068789094868119
0.000077613045454859
0.000087728169280332
0.000099075384731226
0.000111344186891698
0.000123822691126598
0.000135278423747056
0.000144009304802342
0.000148223919444104
0.000146729450950505
0.000139546646221750
0.000127953248119139
0.000113894971870691
0.000099231989738884
0.000085285874327217
0.000072770231033507
0.000061935092301133
0.000052752098258079
0.000045058230951473
0.000038644655937579
0.000033303259701018
0.000028847125885292
0.000025117037376121
0.000021981140528608
0.000019331928385896
0.000017082406708113
0.000015162364987873
0.000013515153541548
0.000012094947329207
0.000010864568541256
0.000009793732362844
0.000008857647563153
0.000008035939235125
0.000007311766383197
0.000006671149451123
0.000006102428661711
0.000005595825780022
0.000005143114012871
0.000004737330999549
0.000004372564841825
0.000004043775399098
0.000003746642966095
0.000003477459513139
0.000003233022877221
0.000003010562172631
0.000002807672169559
0.000002622253786252
0.000002452475961250
0.000002296730806363
0.000002153605572217
0.000002021856061479
0.000001900379986444
0.000001788203568452
0.000001684459724975
0.000001588377151823
0.000001499268622058
0.000001416517485861
0.000001339573609889
0.000001267941280708
0.000001201175114225
0.000001138874532644
0.000001080676091920
0.000001026253124856
0.000000975308179731
0.000000927571834884
0.000000882799917722
0.000000840768680209
0.000000801275924623
0.000000764135764966
0.000000729178739612
0.000000696250306675
0.000000665207547618
0.000000635920850194
0.000000608269965092
0.000000582144718818
0.000000557444117080
0.000000534073946058
0.000000511948612287
0.000000490987979574
0.000000471118365484
0.000000452271929994
0.000000434384852233
0.000000417399151362
0.000000401260027475
0.000000385916993651
0.000000371323386091
0.000000357434941560
0.000000344211522766
0.000000331614805929
0.000000319609478217
0.000000308162782639
0.000000297243396540
0.000000286823030074
0.000000276874366519
0.000000267372292213
0.000000258293428740
0.000000249615253864
0.000000241317562354
0.000000233380601598
0.000000225786320012
0.000000218517860625
0.000000211558890700
0.000000204894924445
0.000000198511620503
0.000000192396046551
0.000000186536123361
0.000000180920148998
0.000000175537992183
0.000000170379541006
0.000000165435996785
0.000000160699278504
0.000000156161757180
0.000000151817354253
0.000000147660175996
0.000000143685898382
0.000000139891208131
0.000000136273856872
0.000000132833812978
0.000000129572284017
0.000000126493471721
0.000000123604420841
0.000000120915905899
0.000000118444297207
0.000000116211834171
0.000000114249776900
0.000000112599718068
0.000000111315984359
0.000000110467358215
0.000000110133752116
0.000000110396694089
0.000000111309887538
0.000000112841621817
0.000000114784647769
0.000000116669824880
0.000000117794515310
0.000000117470282544
0.000000115395433427
0.000000111819175682
0.000000107336818433
0.000000102554292874
0.000000097892356021
0.000000093568201712
0.000000089656617487
0.000000086153763680
0.000000083022094850
0.000000080213431753
0.000000077680589863
0.000000075382059519
0.000000073282245245
0.000000071352253894
0.000000069568086658
0.000000067910249685
0.000000066363045647
0.000000064913145538
0.000000063550084706
0.000000062264758070
0.000000061049719484
0.000000059898847267
0.000000058806540567
0.000000057768549419
0.000000056780747440
0.000000055839813114
0.000000054942916787
0.000000054087227487
0.000000053270779369
0.000000052491316720
0.000000051747167773
0.000000051036813485
0.000000050358610812
0.000000049711590882
0.000000049094333158
0.000000048505968806
0.000000047945591794
0.000000047412182856
0.000000046905292005
0.000000046423947263
0.000000045967757307
0.000000045536153772
0.000000045128521794
0.000000044744733258
0.000000044384111887
0.000000044046611271
0.000000043731887247
0.000000043439647396
0.000000043170003569
0.000000042922523622
0.000000042697459437
0.000000042494654009
0.000000042314124145
0.000000042156199591
0.000000042020698642
0.000000041908175960
0.000000041818674525
0.000000041752555817
0.000000041710390511
0.000000041692302521
0.000000041699199587
0.000000041731386829
0.000000041789657814
0.000000041874898903
0.000000041987655166
0.000000042129297773
0.000000042300524730
0.000000042502724621
0.000000042737253685
0.000000043005288551
0.000000043308873199
0.000000043649344881
0.000000044028980419
0.000000044449902302
0.000000044914299450
0.000000045425282375
0.000000045985291082
0.000000046598032476
0.000000047266970451
0.000000047996021153
0.000000048790127954
0.000000049653739286
0.000000050593047945
0.000000051614024395
0.000000052723737240
0.000000053930542579
0.000000055242778244
0.000000056671331753
0.000000058227199845
0.000000059923675222
0.000000061776043203
0.000000063800767922
0.000000066018482537
0.000000068451152644
0.000000071125592487
0.000000074072647144
0.000000077327491342
0.000000080933403162
0.000000084938983921
0.000000089404141752
0.000000094399248149
0.000000100008313309
0.000000106335056947
0.000000113502259576
0.000000121663905461
0.000000131007463220
0.000000141766363342
0.000000154235360194
0.000000168781793014
0.000000185878828594
0.000000206127118416
0.000000230302575488
0.000000259409590398
0.000000294737182330
0.000000337944475065
0.000000391092462022
0.000000456629051956
0.000000537115436676
0.000000634387551009
0.000000747645158177
0.000000869819492775
0.000000983189761477
0.000001058842542510
0.000001067859147178
0.000001001854142770
0.000000881259233727
0.000000739850720953
0.000000604432216756
0.000000488024496306
0.000000393456155625
0.000000318640341864
0.000000260020177256
0.000000214086764512
0.000000177908773120
0.000000149194059154
0.000000126195531493
0.000000107606249934
0.000000092440407814
0.000000079958442676
0.000000069599494290
0.000000060933453974
0.000000053631710205
0.000000047436073412
0.000000042146163498
0.000000037602745908
0.000000033678500799
0.000000030272437446
0.000000027301201270
0.000000024698310502
0.000000022408360279
0.000000020385742841
0.000000018593118685
0.000000016998367381
0.000000015575534401
0.000000014301946223
0.000000013158726582
0.000000012129930365
0.000000011201419332
0.000000010361733852
0.000000009600360945
0.000000008908615189
0.000000008278867085
0.000000007704252690
