-1.000000000000000000
-1.000000000000000000
-1.000000000000000000
-1.000000000000000000
-1.000000000000000000
-1.000000000000000000
-1.000000000000000000
-1.000000000000000000
-1.000000000000000000
-1.000000000000000000
-1.000000000000000000
-1.000000000000000000
0.776164115197893400
0.760113828338236500
0.744434774969453400
0.729120619042466100
0.714165028746512300
0.699561683468075300
0.685304280336552700
0.671386540369016800
0.657802214226471800
0.644545087593972100
0.631608986197256000
0.618987780468330000
0.606675389872466800
0.594665786908978400
0.582953000797959800
0.571531120865135500
0.560394299636535000
0.549536755654770200
0.538952776028224200
0.528636718724310800
0.518583014617605000
0.508786169303511700
0.499240764687552460
0.489941460360310170
0.480882994767577950
0.472060186184997200
0.463467933506030900
0.455101216852011900
0.446955098012310370
0.439024720722698600
0.431305310789377060
0.423792176065929170
0.416480706290135500
0.409366372787166250
0.402444728045530050
0.395711405171671600
0.389162117228920000
0.382792656466243700
0.376598893441869600
0.370576776046731800
0.364722328432352800
0.359031649847643000
0.353500913388796700
0.348126364666419440
0.342904320393747350
0.337831166899717700
0.332903358570591400
0.328117416223691840
0.323469925416690700
0.318957534696077100
0.314576953788067400
0.310324951735646950
0.306198354985086200
0.302194045425676800
0.298308958386272140
0.294540080592553600
0.290884448088888600
0.287339144129018950
0.283901297039843740
0.280568078062852330
0.277336699177971160
0.274204410914815950
0.271168500156547900
0.268226287941802370
0.265375127270340300
0.262612400918349100
0.259935519269392460
0.257341918167270260
0.254829056797122000
0.252394415601135900
0.250035494235333200
0.247749809573714060
0.245534893766080680
0.243388292355488800
0.241307562461140000
0.239290271032042700
0.237333993176366780
0.235436310570815270
0.233594809953740900
0.231807081704925000
0.230070718514175570
0.228383314140004540
0.226742462258662700
0.225145755402842230
0.223590783988326800
0.222075135425850170
0.220596393314378440
0.219152136711071900
0.217739939472271800
0.216357369659022360
0.215001988999902030
0.213671352403431350
0.212363007511863380
0.211074494288017800
0.209803344626806220
0.208547081983397780
0.207303221010490060
0.206069267198037170
0.204842716509878840
0.203621055013264900
0.202401758499101470
0.201182292093011400
0.199960109859918050
0.198732654408021650
0.197497356501556400
0.196251634695858900
0.194992895012903200
0.193718530680765280
0.192425921966399180
0.191112436137862660
0.189775427599660900
0.188412238253334200
0.187020198144999320
0.185596626472131760
0.184138833033813930
0.182644120221939380
0.181109785665578840
0.179533125656927360
0.177911439505104880
0.176242034983392000
0.174522235056282250
0.172749386094679320
0.170920867810303020
0.169034105163250130
0.167086582518647530
0.165075860348240930
0.162999594788562500
0.160855560376648970
0.158641676283951230
0.156356036354957800
0.153996943224190220
0.151562946727730960
0.149052886736131230
0.146465940407142340
0.143801673680886980
0.141060096609543970
0.138241721822231020
0.135347625070537460
0.132379506383485470
0.129339749892151880
0.126231479884305080
0.123058610150849930
0.119825883236597670
0.116538895869596000
0.113204106690137250
0.109828822511181800
0.106421159790132860
0.102989978830635680
0.099544789478779260
0.096095628694009440
0.092652912261435680
0.089227264905685300
0.085829334953887250
0.082469601241687630
0.079158180943062400
0.075904647272173830
0.072717865486479890
0.069605854358262510
0.066575678425700240
0.063633374112778820
0.060783910484764360
0.058031183238181970
0.055378038717501950
0.052826323436378280
0.050376953808532980
0.048030000537824455
0.045784782299670620
0.043639963857073964
0.041593654475563410
0.039643503322873990
0.037786789371066410
0.036020504095431750
0.034341425944413556
0.032746186117382400
0.031231325628027343
0.029793343957268504
0.028428739824454142
0.027134044745953118
0.025905850123360247
0.024740828625665935
0.023635750615089990
0.022587496326738940
0.021593064457203850
0.020649577753902335
0.019754286130679175
0.018904567769600613
0.018097928606492963
0.017332000540051098
0.016604538652095370
0.015913417680055258
0.015256627941945275
0.014632270878710933
0.014038554348426102
0.013473787780964017
0.012936377279912146
0.012424820740200713
0.011937703034661733
0.011473691310128380
0.011031530423323284
0.010610038538324772
0.010208102900551774
0.009824675796692012
0.009458770705609663
0.009109458641805249
0.008775864690293426
0.008457164729698935
0.008152582338801660
0.007861385880623949
0.007582885757337106
0.007316431828730131
0.007061410986653675
0.006817244877699778
0.006583387766352250
0.006359324530923231
0.006144568784745529
0.005938661115303512
0.005741167434244853
0.005551677431490118
0.005369803126966969
0.005195177513801734
0.005027453287117943
0.004866301652904572
0.004711411211725899
0.004562486912345058
0.004419249070624233
0.004281432449345041
0.004148785394859111
0.004021069026735143
0.003898056476810306
0.003779532174283839
0.003665291173709690
0.003555138522949701
0.003448888668346087
0.003346364894557826
0.003247398796682319
0.003151829782456760
0.003059504602496845
0.002970276906695377
0.002884006825063653
0.002800560571464204
0.002719810068852771
0.002641632594829601
0.002565910446495631
0.002492530623829563
0.002421384531052539
0.002352367695738713
0.002285379505777284
0.002220322964708861
0.002157104466466581
0.002095633591176169
0.002035822924437333
0.001977587903460852
0.001920846694613713
0.001865520108383975
0.001811531559577240
0.001758807082771033
0.001707275415754209
0.001656868166947532
0.001607520086703241
0.001559169466961327
0.001511758698985054
0.001465235024697700
0.001419551523216281
0.001374668379976435
0.001330554490399511
0.001287189451790718
0.001244565993641131
0.001202692884157629
0.001161598324680871
0.001121333797153775
0.001081978255152921
0.001043642438020014
0.001006472934014189
0.000970655421733020
0.000936416291173254
0.000904021619201767
0.000873772310452787
0.000845994208235245
0.000821022249629342
0.000799178396908383
0.000780744172234914
0.000765930063983400
0.000754845572858138
0.000747474748748568
0.000743662199697498
0.000743113373274332
0.000745410480800404
0.000750042337204349
0.000756443555551241
0.000764036861209769
0.000772272237008993
0.000780658026774700
0.000788781381385370
0.000796317753592607
0.000803030934686561
0.000808766110577288
0.000813438639808808
0.000817020945355829
0.000819529332025149
0.000821011908833166
0.000821538244512603
0.000821190971195055
0.000820059280494053
0.000818234104289468
0.000815804707126559
0.000812856407706816
0.000809469169262241
0.000805716835690501
0.000801666831450088
0.000797380182304885
0.000792911748154493
0.000788310587427100
0.000783620394968243
0.000778879972687454
0.000774123705266730
0.000769382022842037
0.000764681839500363
0.000760046961335114
0.000755498461187351
0.000751055019475409
0.000746733231990753
0.000742547886445340
0.000738512210068264
0.000734638090791787
0.000730936274629451
0.000727416541797004
0.000724087864003730
0.000720958545180862
0.000718036347733889
0.000715328606223169
0.000712842330198782
0.000710584297749236
0.000708561141169865
0.000706779426019647
0.000705245724712794
0.000703966685685809
0.000702949099089452
0.000702199959878574
0.000701726529109723
0.000701536394206186
0.000701637528911772
0.000702038353627844
0.000702747796811965
0.000703775358111236
0.000705131173907981
0.000706826085971035
0.000708871713931153
0.000711280532336004
0.000714065953087939
0.000717242414127973
0.000720825475302488
0.000724831922437283
0.000729279880746576
0.000734188938826846
0.000739580284625921
0.000745476854942375
0.000751903500199852
0.000758887166459311
0.000766457096885214
0.000774645055171343
0.000783485573766338
0.000793016230123469
0.000803277954639905
0.000814315374459166
0.000826177197891654
0.000838916644876750
0.000852591929675087
0.000867266802854023
0.000883011160628433
0.000899901730753655
0.000918022845453446
0.000937467313314042
0.000958337403691928
0.000980745958974044
0.001004817651975850
0.001030690407845720
0.001058517011997146
0.001088466927712937
0.001120728348989796
0.001155510515637234
0.001193046318197659
0.001233595219262332
0.001277446514253633
0.001324922947289300
0.001376384684199861
0.001432233622039275
0.001492917977968602
0.001558937043698210
0.001630845905428495
0.001709259800270141
0.001794857590162875
0.001888383558331042
0.001990646338194229
0.002102513228272701
0.002224897379141780
0.002358734308339755
0.002504942868679350
0.002664364175069433
0.002837670208280500
0.003025232211473413
0.003226938330582110
0.003441951613075816
0.003668405715298781
0.003903049558937242
0.004140876944959089
0.004374814082223548
0.004595582555489146
0.004791891907433000
0.004951115648172107
0.005060531627682634
0.005109043585651372
0.005089076788483340
0.004998154872978410
0.004839645262756574
0.004622374965474818
0.004359197349422616
0.004064945577638340
0.003754358730099379
0.003440464423682549
0.003133646831363333
0.002841374006496524
0.002568404332111778
0.002317253953975546
0.002088745383281443
0.001882522762905412
0.001697478787000831
0.001532079183189185
0.001384593120448436
0.001253247070370681
0.001136321056419153
0.001032203963155371
0.000939421109552284
0.000856643866724211
0.000782688225968794
0.000716507011105137
0.000657178818834630
0.000603895643652411
0.000555950378504104
0.000512724876311969
0.000473678931205338
0.000438340333838880
0.000406296031428334
0.000377184351944911
0.000350688214199242
0.000326529228652041
0.000304462589509353
0.000284272661564627
0.000265769172080155
0.000248783926558139
0.000233167976354336
0.000218789174972228
0.000205530068141310
0.000193286070299714
0.000181963886728069
0.000171480146430971
0.000161760215895266
0.000152737168216623
0.000144350885815625
0.000136547278142173
0.000129277598500336
0.000122497846415572
0.000116168243954663
0.000110252776060128
0.000104718786394645
0.000099536621394430
0.000094679316254367
0.000090122317455687
0.000085843237175372
0.000081821635574641
0.000078038827488137
0.000074477710517746
0.000071122611924343
0.000067959152055363
0.000064974122346599
0.000062155376176802
0.000059491731090148
0.000056972881069858
0.000054589317728402
0.000052332259405442
0.000050193587296053
0.000048165787836289
0.000046241900659389
0.000044415471529063
0.000042680509708720
0.000041031449306493
0.000039463114170074
0.000037970685968108
0.000036549675125383
0.000035195894318402
0.000033905434273552
0.000032674641626773
0.000031500098644490
0.000030378604607574
0.000029307158699337
0.000028282944237744
0.000027303314120839
0.000026365777361581
0.000025467986601487
0.000024607726513312
0.000023782903002926
0.000022991533154622
0.000022231735861575
0.000021501723127475
0.000020799792039018
0.000020124317465671
0.000019473745599444
0.000018846588536348
0.000018241420241198
0.000017656874413676
0.000017091645071941
0.000016544491050390
0.000016014246205797
0.000015499837913392
0.000015000317545821
0.000014514908035571
0.000014043075283137
0.000013584631759373
0.000013139881250337
0.000012709811421163
0.000012296331952297
0.000011902534536668
0.000011532909618840
0.000011193390290605
0.000010891021038132
0.000010633022764123
0.000010425147604704
0.000010269576028695
0.000010163117125439
0.000010096741347959
0.000010057047005525
0.000010029213709832
0.000010000128925728
0.000009960428138655
0.000009905007307569
0.000009832375406197
0.000009743513040311
0.000009640761056276
0.000009526985077993
0.000009405051619380
0.000009277552931367
0.000009146696898139
0.000009014292185794
0.000008881780954721
0.000008750290395287
0.000008620687541309
0.000008493629923821
0.000008369609189403
0.000008248987182325
0.000008132025054707
0.000008018906409017
0.000007909755506609
0.000007804651529435
0.000007703639702986
0.000007606739973441
0.000007513953771005
0.000007425269292638
0.000007340665639649
0.000007260116063012
0.000007183590531300
0.000007111057759204
0.000007042486840247
0.000006977848553290
0.000006917116441702
0.000006860267698914
0.000006807283926599
0.000006758151785759
0.000006712863579300
0.000006671417787363
0.000006633819569337
0.000006600081262195
0.000006570222868691
0.000006544272574520
0.000006522267274521
0.000006504253152462
0.000006490286290498
0.000006480433351066
0.000006474772313850
0.000006473393300894
0.000006476399488682
0.000006483908124475
0.000006496051668563
0.000006512979061926
0.000006534857165986
0.000006561872359527
0.000006594232361813
0.000006632168261576
0.000006675936836505
0.000006725823151261
0.000006782143525502
0.000006845248885013
0.000006915528586508
0.000006993414771817
0.000007079387337922
0.000007173979637550
0.000007277784997899
0.000007391464245495
0.000007515754342968
0.000007651478412226
0.000007799557300272
0.000007961023064175
0.000008137034632702
0.000008328896147979
0.000008538078419636
0.000008766244167078
0.000009015277760821
0.000009287320393637
0.000009584811816157
0.000009910539966813
0.000010267700260555
0.000010659966501779
0.000011091576109110
0.000011567432615568
0.000012093229458560
0.000012675599519608
0.000013322296236193
0.000014042412760965
0.000014846647082166
0.000015747621551605
0.000016760265772042
0.000017902270486128
0.000019194616079851
0.000020662169786812
0.000022334325253344
0.000024245619555100
0.000026436189453595
0.000028951799568341
0.000031842949353846
0.000035162196769772
0.000038958266287862
0.000043264742137053
0.000048080379225071
0.000053338039710633
0.000058861779160398
0.000064319748250791
0.000069196724507695
0.000072828764162966
0.000074540453647377
0.000073870744195923
0.000070779228171698
0.000065688654169575
0.000059322449420119
0.000052449475839729
0.000045687442702193
0.000039429623055170
0.000033866634401926
0.000029046762824842
0.000024935479146398
0.000021458954796458
0.000018530829677149
0.000016066556614476
0.000013989949343844
0.000012235359087143
0.000010747638596646
0.000009481128244511
0.000008398316805619
0.000007468495991455
0.000006666545560162
0.000005971894476105
0.000005367658432615
0.000004839936513417
0.000004377242877685
0.000003970050241506
0.000003610423688620
0.000003291727178938
0.000003008387879822
0.000002755706607243
0.000002529704881119
0.000002327001116236
0.000002144710089315
0.000001980360922507
0.000001831830028221
0.000001697285943238
0.000001575143918058
0.000001464028236928
0.000001362740996198
0.000001270235980800
0.000001185596878956
0.000001108018912135
0.000001036793415847
0.000000971294749321
0.000000910969231457
0.000000855325697378
0.000000803927454444
0.000000756385391889
0.000000712352058878
0.000000671516583780
0.000000633600262719
0.000000598352775952
0.000000565548865525
0.000000534985490635
0.000000506479300703
0.000000479864476354
0.000000454990790886
0.000000431721955630
0.000000409934122139
0.000000389514601125
0.000000370360698618
0.000000352378713461
0.000000335483029163
0.000000319595320634
0.000000304643843406
0.000000290562798988
0.000000277291777233
0.000000264775243400
0.000000252962099574
0.000000241805266567
0.000000231261337736
0.000000221290236227
0.000000211854940128
0.000000202921200895
0.000000194457323191
0.000000186433934132
0.000000178823804765
0.000000171601662453
0.000000164744044041
0.000000158229145607
0.000000152036700149
0.000000146147860377
0.000000140545096472
0.000000135212108967
0.000000130133745004
0.000000125295940187
0.000000120685655321
0.000000116290849208
0.000000112100443068
0.000000108104332156
0.000000104293393946
0.000000100659558077
0.000000097195890926
0.000000093896766209
0.000000090758089763
0.000000087777655187
0.000000084955625285
0.000000082295217061
0.000000079803603475
0.000000077493055763
0.000000075382218752
0.000000073497152940
0.000000071871219688
0.000000070541828994
0.000000069540768705
0.000000068874385872
0.000000068494145637
0.000000068270988093
0.000000068002940540
0.000000067477223298
0.000000066558656774
0.000000065236712315
0.000000063600045443
0.000000061774535096
0.000000059873959010
0.000000057979893516
0.000000056142048851
0.000000054386353822
0.000000052723443340
0.000000051155069643
0.000000049678268951
0.000000048287868873
0.000000046977883865
0.000000045742275120
0.000000044575305599
0.000000043471711755
0.000000042426735814
0.000000041436128132
0.000000040496098068
0.000000039603278052
0.000000038754666563
0.000000037947589781
0.000000037179656364
0.000000036448723622
0.000000035752867414
0.000000035090352191
0.000000034459614602
0.000000033859235716
0.000000033287935619
0.000000032744546903
0.000000032228017179
0.000000031737383978
0.000000031271782017
0.000000030830420523
0.000000030412592150
0.000000030017654255
0.000000029645036614
0.000000029294228289
0.000000028964781781
0.000000028656306867
0.000000028368469547
0.000000028100993629
0.000000027853653786
0.000000027626284819
0.000000027418769210
0.000000027231053052
0.000000027063129571
0.000000026915059796
0.000000026786954482
0.000000026678996870
0.000000026591426163
0.000000026524559328
0.000000026478779591
0.000000026454554317
0.000000026452431848
0.000000026473053097
0.000000026517159422
0.000000026585596721
0.000000026679335984
0.000000026799470288
0.000000026947248336
0.000000027124066724
0.000000027331515398
0.000000027571369669
0.000000027845645405
0.000000028156597354
0.000000028506781378
0.000000028899067505
0.000000029336707035
0.000000029823370291
0.000000030363218441
0.000000030960977249
0.000000031622017434
0.000000032352477222
0.000000033159361664
0.000000034050729330
0.000000035035831063
0.000000036125381378
0.000000037331772185
0.000000038669460206
0.000000040155313977
0.000000041809169817
0.000000043654406143
0.000000045718760831
0.000000048035285320
0.000000050643590482
0.000000053591432195
0.000000056936686276
0.000000060749987365
0.000000065117964032
0.000000070147633030
0.000000075971784438
0.000000082756214310
0.000000090708516990
0.000000100089326776
0.000000111225126259
0.000000124522041036
0.000000140476193955
0.000000159671655653
0.000000182744715185
0.000000210271759456
0.000000242504769078
0.000000278846469743
0.000000317006966293
0.000000352088939625
0.000000376570343254
0.000000382626961616
0.000000366609266966
0.000000331958759529
0.000000287133141286
0.000000240713721211
0.000000198264446040
0.000000162117199885
0.000000132516197357
0.000000108739307832
0.000000089779982850
0.000000074665953545
0.000000062571205377
0.000000052834027793
0.000000044938567572
0.000000038487693084
0.000000033176598595
0.000000028771097155
0.000000025090444788
0.000000021994335275
0.000000019373136815
0.000000017140530702
0.000000015228117150
0.000000013581236984
0.000000012155973845
0.000000010916734131
0.000000009834542458
0.000000008885611992
0.000000008050338102
0.000000007312445540
0.000000006658362411
0.000000006076713595
0.000000005557907196
0.000000005093838173
0.000000004677600867
0.000000004303317604
0.000000003965934325
0.000000003661118783
0.000000003385117938
0.000000003134690220
0.000000002907012459
0.000000002699625416
0.000000002510380314
0.000000002337388090
0.000000002178995058
0.000000002033734341
0.000000001900319397
0.000000001777600759
0.000000001664566619
0.000000001560309391
0.000000001464024825
0.000000001374991588
0.000000001292564066
0.000000001216165258
0.000000001145272564
0.000000001079421096
0.000000001018185229
0.000000000961187181
0.000000000908078986
0.000000000858550621
0.000000000812316991
0.000000000769121143
0.000000000728729011
0.000000000690925864
0.000000000655518793
0.000000000622327474
0.000000000591191769
0.000000000561960139
0.000000000534498209
0.000000000508678948
0.000000000484388187
0.000000000461519780
0.000000000439975691
0.000000000419667239
0.000000000400509822
0.000000000382428876
0.000000000365351577
0.000000000349214344
0.000000000333955029
0.000000000319518415
0.000000000305852009
0.000000000292907098
0.000000000280639572
0.000000000269006215
0.000000000257969703
0.000000000247491990
0.000000000237540812
0.000000000228083287
0.000000000219090710
0.000000000210535256
0.000000000202390828
0.000000000194634189
0.000000000187241607
0.000000000180193587
0.000000000173469138
0.000000000167051595
0.000000000160923476
0.000000000155070505
0.000000000149479752
0.000000000144140105
0.000000000139044886
0.000000000134189276
0.000000000129576847
0.000000000125216917
0.000000000121133897
0.000000000117369704
0.000000000113996470
0.000000000111130017
0.000000000108946631
0.000000000107699894
0.000000000107702178
0.000000000109231325
0.000000000112275603
0.000000000116197889
0.000000000119692953
0.000000000121439240
0.000000000120933261
0.000000000118575007
0.000000000115122819
0.000000000111224599
0.000000000107287265
0.000000000103517587
0.000000000100001163
0.000000000096760411
0.000000000093786258
0.000000000091059814
0.000000000088556334
0.000000000086253876
0.000000000084130965
0.000000000082169385
0.000000000080353793
0.000000000078669732
0.000000000077106871
0.000000000075654012
0.000000000074303833
0.000000000073048295
0.000000000071881345
