-1.000000000000000000
-1.000000000000000000
-1.000000000000000000
-1.000000000000000000
0.772229560902248300
0.724578537773629100
0.680287712248823100
0.639177216070250500
0.601069385846343800
0.565790219838530100
0.533170540287403700
0.503046893279218700
0.475262216779059600
0.449666305452870000
0.426116098479966600
0.404475813902977100
0.384616950324207450
0.366418174063958800
0.349765107365196200
0.334550030963553500
0.320671512446045900
0.308033970398807800
0.296547183487046060
0.286125753397669270
0.276688531049453100
0.268158016606419750
0.260459745494244700
0.253521674542120160
0.247273584133125600
0.241646513274236250
0.236572244142976200
0.231982850343721740
0.227810318448730180
0.223986245485473270
0.220441606502327000
0.217106577436402850
0.213910390912705600
0.210781198201653500
0.207645911144517600
0.204430004979305160
0.201057278119298940
0.197449589904774430
0.193526635243082170
0.189205871185277600
0.184402793288868050
0.179031880554897770
0.173008698299645570
0.166253869537277530
0.158699860698528600
0.150301645573803400
0.141051995296124670
0.131000820947487720
0.120275027230959410
0.109090881478756470
0.097747539157810660
0.086593445801258950
0.075970158634457360
0.066153819935580420
0.057318294133405710
0.049530633131143350
0.042771617082775940
0.036966059053262744
0.032010655067115150
0.027794075617949925
0.024209089270782202
0.021158648553438394
0.018558115342975755
0.016335316294525663
0.014429534608593030
0.012790087208449144
0.011374834865850763
0.010148792572843303
0.009082907152857340
0.008153016941650026
0.007338983511433654
0.006623975289715631
0.005993880339458798
0.005436826555506129
0.004942789990899429
0.004503274889045145
0.004111051757868282
0.003759942269916706
0.003444641846897497
0.003160572499843365
0.002903759892816936
0.002670729743892728
0.002458419658846049
0.002264103439925221
0.002085326051165097
0.001919849193173970
0.001765610733310308
0.001620707836418929
0.001483426940067490
0.001352369266559020
0.001226763662531413
0.001107107832505128
0.000996246574105412
0.000900593704998922
0.000830018255421289
0.000793727962169878
0.000792335645451050
0.000814075598438003
0.000841831152658191
0.000863254566801970
0.000873889684461247
0.000874457790171778
0.000867558334143334
0.000855860269484897
0.000841493136556318
0.000825990851098275
0.000810408140313121
0.000795456682997643
0.000781616126044161
0.000769214710484259
0.000758485304808936
0.000749603946543397
0.000742716674377660
0.000737958834630606
0.000735469779983192
0.000735405005501631
0.000737947216870276
0.000743317523094492
0.000751787828263023
0.000763695530798173
0.000779461820977754
0.000799615223149048
0.000824822612695855
0.000855930842507955
0.000894023499062047
0.000940499435400136
0.000997183013174392
0.001066481095033492
0.001151609814697055
0.001256926620236687
0.001388422251766466
0.001554455406134303
0.001766848813849738
0.002042491959886913
0.002405532795480119
0.002889792536562069
0.003539232187685975
0.004398446947120105
0.005470836725716608
0.006609303926550367
0.007385269818852405
0.007258879632041816
0.006190079823813185
0.004750609951891070
0.003465836806223427
0.002502672160488837
0.001825944385594236
0.001356808085432054
0.001028698057576909
0.000795193169293986
0.000625684818522292
0.000500190001906500
0.000405552108679743
0.000332970699674348
0.000276449709847377
0.000231826196933297
0.000196156819753186
0.000167324518140468
0.000143782049252014
0.000124381813942476
0.000108260983094878
0.000094762662786210
0.000083380941469311
0.000073722018794134
0.000065476328930669
0.000058398290090547
0.000052291416201507
0.000046997246935266
0.000042387028605597
0.000038355398642525
0.000034815544154150
0.000031695454825051
0.000028934994167834
0.000026483586889728
0.000024298375434853
0.000022342741876460
0.000020585137674869
0.000018998246839015
0.000017558710313082
0.000016248213293682
0.000015058354784046
0.000014005349265474
0.000013160279207639
0.000012645224690792
0.000012427685325594
0.000012195455984032
0.000011788172221239
0.000011283943928752
0.000010770222366140
0.000010287013052127
0.000009847157640196
0.000009452700354433
0.000009102000738826
0.000008792433084816
0.000008521367272906
0.000008286510069125
0.000008086012891779
0.000007918499087503
0.000007783069160413
0.000007679307490292
0.000007607301035337
0.000007567676527988
0.000007561660688336
0.000007591169153912
0.000007658933828036
0.000007768681403852
0.000007925381101010
0.000008135588485047
0.000008407927509555
0.000008753774951382
0.000009188244232630
0.000009731625019475
0.000010411531741968
0.000011266184503319
0.000012349549623572
0.000013739624986550
0.000015552213861531
0.000017964620129282
0.000021257902711351
0.000025894918289826
0.000032668323022788
0.000042979449812084
0.000059298524171444
0.000085386034798789
0.000122636583259871
0.000152185908405914
0.000135552945825258
0.000090677887215518
0.000055499630989223
0.000034624294556696
0.000022628061995133
0.000015487194835171
0.000011028906930198
0.000008116891723107
0.000006138616691614
0.000004748992336471
0.000003744792708897
0.000003001379616128
0.000002439506263419
0.000002007161520881
0.000001669244442162
0.000001401478673373
0.000001186706362841
0.000001012564598033
0.000000869990206979
0.000000752235265356
0.000000654205789389
0.000000572008082027
0.000000502631322205
0.000000443722290422
0.000000393424154009
0.000000350259585465
0.000000313044144065
0.000000280821048140
0.000000252812187662
0.000000228382074756
0.000000207010652436
0.000000188272785325
0.000000171823974689
0.000000157393343528
0.000000144786244047
0.000000133903884447
0.000000124800529345
0.000000117830194149
0.000000113981813032
0.000000115211248481
0.000000121190767208
0.000000118935955071
0.000000104686477479
0.000000091289820597
0.000000081680317215
0.000000074653444260
0.000000069204100260
0.000000064777179187
0.000000061069335379
0.000000057904734709
0.000000055174602028
0.000000052807911640
0.000000050755912711
0.000000048983554377
0.000000047465392755
0.000000046183515554
0.000000045126151834
0.000000044286181252
0.000000043660408702
0.000000043250219570
0.000000043062462195
0.000000043109553287
0.000000043409657609
0.000000043988439489
0.000000044882109891
0.000000046140737779
0.000000047831811932
0.000000050046668224
0.000000052911954779
0.000000056606447710
0.000000061385937410
0.000000067624728233
0.000000075888709086
0.000000087066804139
0.000000102615640577
0.000000125044414217
0.000000158946399758
0.000000213338991842
0.000000307203258684
0.000000481481723950
0.000000801456135638
0.000001140504431462
0.000000918531327581
0.000000493935636448
0.000000260183629817
0.000000148728095046
0.000000092044505471
0.000000060656266920
0.000000041956663301
0.000000030141223103
0.000000022315427634
0.000000016931009788
0.000000013108978201
0.000000010324443903
0.000000008250508999
0.000000006676495001
0.000000005462492088
0.000000004512888749
0.000000003760660917
0.000000003158074143
0.000000002670636467
0.000000002272896457
0.000000001945670184
0.000000001674408931
0.000000001448067581
0.000000001258105685
0.000000001097740052
0.000000000961582472
0.000000000845439617
0.000000000745972281
0.000000000660404722
0.000000000586438493
0.000000000522263937
0.000000000466442699
0.000000000417742503
0.000000000375113884
0.000000000337777962
0.000000000305285340
0.000000000277652132
0.000000000256147540
0.000000000246131765
0.000000000262430488
0.000000000290162710
0.000000000259194096
0.000000000218326937
0.000000000189720998
0.000000000169279519
0.000000000153550834
0.000000000140779295
0.000000000130066150
0.000000000120907517
0.000000000112975373
0.000000000106039354
0.000000000099949411
0.000000000094598751
0.000000000089901252
0.000000000085781020
0.000000000082189269
0.000000000079090425
0.000000000076452214
0.000000000074246077
0.000000000072463841
0.000000000071108427
0.000000000070184130
0.000000000069701282
0.000000000069691170
0.000000000070209483
0.000000000071325434
0.000000000073129666
0.000000000075767469
0.000000000079452543
0.000000000084482726
0.000000000091296750
0.000000000100574615
0.000000000113410908
0.000000000131627317
0.000000000158424846
0.000000000199898902
0.000000000268762230
0.000000000394461011
0.000000000652381375
0.000000001215457649
0.000000001856614127
0.000000001184620826
0.000000000516116754
0.000000000246465913
0.000000000133514812
0.000000000079528747
0.000000000050739388
0.000000000034050270
0.000000000023740706
0.000000000017057900
0.000000000012559718
0.000000000009433947
0.000000000007201331
0.000000000005572232
0.000000000004364392
0.000000000003453897
0.000000000002756124
0.000000000002215385
0.000000000001793115
0.000000000001460160
0.000000000001194583
0.000000000000980936
0.000000000000808576
0.000000000000668672
0.000000000000553766
0.000000000000458608
0.000000000000379891
0.000000000000314924
0.000000000000260292
0.000000000000213855
0.000000000000174262
0.000000000000140429
0.000000000000111041
0.000000000000085087
0.000000000000061893
0.000000000000041086
0.000000000000022771
0.000000000000009273
0.000000000000011779
0.000000000000082730
0.000000000000382801
0.000000000000533928
0.000000000000359363
0.000000000000243614
0.000000000000180307
0.000000000000142275
0.000000000000117391
0.000000000000099989
0.000000000000087211
0.000000000000077528
0.000000000000070015
0.000000000000064073
0.000000000000059335
0.000000000000055610
0.000000000000052769
0.000000000000050632
0.000000000000048774
0.000000000000047468
0.000000000000046739
0.000000000000046511
0.000000000000046672
0.000000000000047316
0.000000000000048492
0.000000000000050214
0.000000000000052510
0.000000000000055531
0.000000000000059422
0.000000000000064502
0.000000000000070973
0.000000000000079339
0.000000000000090310
0.000000000000104897
0.000000000000124758
0.000000000000152852
0.000000000000194364
0.000000000000259116
0.000000000000367953
0.000000000000571358
0.000000000001011517
0.000000000002149192
0.000000000004708090
0.000000000003823517
0.000000000001551273
0.000000000000717990
0.000000000000394118
0.000000000000242961
0.000000000000162299
0.000000000000115013
0.000000000000085180
0.000000000000065092
0.000000000000051039
0.000000000000040959
0.000000000000033488
0.000000000000027757
0.000000000000023284
0.000000000000019752
0.000000000000016979
0.000000000000014716
0.000000000000012843
0.000000000000011304
0.000000000000010021
0.000000000000008928
0.000000000000007997
0.000000000000007183
0.000000000000006478
0.000000000000005884
0.000000000000005463
0.000000000000005034
0.000000000000004612
0.000000000000004247
0.000000000000003943
0.000000000000003680
0.000000000000003457
0.000000000000003284
0.000000000000003161
0.000000000000003105
0.000000000000003176
0.000000000000003529
0.000000000000004507
0.000000000000007511
0.000000000000015594
0.000000000000012746
0.000000000000006155
0.000000000000003802
0.000000000000002829
0.000000000000002341
0.000000000000002053
0.000000000000001853
0.000000000000001706
0.000000000000001608
0.000000000000001536
0.000000000000001478
0.000000000000001432
0.000000000000001403
0.000000000000001391
0.000000000000001371
0.000000000000001347
0.000000000000001351
0.000000000000001368
0.000000000000001386
0.000000000000001409
0.000000000000001449
0.000000000000001500
0.000000000000001553
0.000000000000001623
0.000000000000001720
0.000000000000001839
0.000000000000001966
0.000000000000002130
0.000000000000002340
0.000000000000002608
0.000000000000002984
0.000000000000003489
0.000000000000004210
0.000000000000005286
0.000000000000006958
0.000000000000009775
0.000000000000015170
0.000000000000027634
0.000000000000063499
0.000000000000147911
0.000000000000085131
0.000000000000029749
0.000000000000013239
0.000000000000007069
0.000000000000004219
0.000000000000002739
0.000000000000001888
0.000000000000001362
0.000000000000001010
0.000000000000000774
0.000000000000000606
0.000000000000000479
0.000000000000000388
0.000000000000000319
0.000000000000000265
0.000000000000000226
0.000000000000000195
0.000000000000000169
0.000000000000000148
0.000000000000000130
0.000000000000000116
0.000000000000000102
0.000000000000000091
0.000000000000000081
0.000000000000000072
0.000000000000000062
0.000000000000000055
0.000000000000000049
0.000000000000000043
0.000000000000000040
0.000000000000000037
0.000000000000000034
0.000000000000000031
0.000000000000000029
0.000000000000000027
0.000000000000000027
0.000000000000000029
0.000000000000000034
0.000000000000000053
0.000000000000000080
0.000000000000000036
0.000000000000000019
0.000000000000000014
0.000000000000000013
0.000000000000000011
0.000000000000000010
0.000000000000000010
0.000000000000000010
0.000000000000000009
0.000000000000000009
0.000000000000000010
0.000000000000000009
0.000000000000000009
0.000000000000000009
0.000000000000000011
0.000000000000000011
0.000000000000000011
0.000000000000000011
0.000000000000000012
0.000000000000000014
0.000000000000000015
0.000000000000000016
0.000000000000000017
0.000000000000000019
0.000000000000000022
0.000000000000000023
0.000000000000000024
0.000000000000000026
0.000000000000000027
0.000000000000000030
0.000000000000000034
0.000000000000000039
0.000000000000000047
0.000000000000000058
0.000000000000000075
0.000000000000000104
0.000000000000000168
0.000000000000000336
0.000000000000000912
0.000000000000001268
0.000000000000000376
0.000000000000000135
0.000000000000000063
0.000000000000000035
0.000000000000000021
0.000000000000000014
0.000000000000000009
0.000000000000000007
0.000000000000000005
0.000000000000000004
0.000000000000000003
0.000000000000000002
0.000000000000000002
0.000000000000000001
0.000000000000000001
0.000000000000000001
0.000000000000000001
0.000000000000000001
0.000000000000000000
0.000000000000000000
0.000000000000000000
0.000000000000000000
0.000000000000000000
0.000000000000000000
0.000000000000000000
0.000000000000000000
0.000000000000000000
0.000000000000000001
0.000000000000000001
0.000000000000000001
0.000000000000000001
0.000000000000000001
0.000000000000000001
0.000000000000000001
0.000000000000000001
0.000000000000000001
0.000000000000000001
0.000000000000000003
0.000000000000000027
0.000000000000000041
0.000000000000000022
0.000000000000000015
0.000000000000000011
0.000000000000000009
0.000000000000000007
0.000000000000000006
0.000000000000000005
0.000000000000000004
0.000000000000000003
0.000000000000000003
0.000000000000000002
0.000000000000000001
0.000000000000000001
0.000000000000000001
0.000000000000000000
0.000000000000000000
0.000000000000000000
0.000000000000000000
0.000000000000000000
0.000000000000000000
0.000000000000000000
0.000000000000000000
0.000000000000000000
0.000000000000000000
0.000000000000000000
0.000000000000000001
0.000000000000000001
0.000000000000000001
0.000000000000000001
0.000000000000000001
0.000000000000000001
0.000000000000000001
0.000000000000000002
0.000000000000000002
0.000000000000000004
0.000000000000000008
0.000000000000000017
0.000000000000000054
0.000000000000000143
0.000000000000000048
0.000000000000000017
0.000000000000000008
0.000000000000000004
0.000000000000000003
0.000000000000000002
0.000000000000000001
0.000000000000000000
0.000000000000000000
0.000000000000000000
0.000000000000000000
0.000000000000000000
0.000000000000000000
0.000000000000000001
0.000000000000000000
0.000000000000000000
0.000000000000000000
0.000000000000000000
0.000000000000000000
0.000000000000000000
0.000000000000000000
0.000000000000000000
0.000000000000000000
0.000000000000000000
0.000000000000000000
0.000000000000000000
0.000000000000000000
0.000000000000000000
0.000000000000000000
0.000000000000000000
0.000000000000000000
0.000000000000000000
0.000000000000000000
0.000000000000000000
0.000000000000000000
0.000000000000000001
0.000000000000000003
0.000000000000000014
0.000000000000000080
0.000000000000000086
0.000000000000000029
0.000000000000000014
0.000000000000000009
0.000000000000000005
0.000000000000000003
0.000000000000000002
0.000000000000000002
0.000000000000000001
0.000000000000000001
0.000000000000000001
0.000000000000000000
0.000000000000000000
0.000000000000000000
0.000000000000000000
0.000000000000000000
0.000000000000000000
0.000000000000000000
0.000000000000000000
0.000000000000000000
0.000000000000000000
0.000000000000000000
0.000000000000000000
0.000000000000000000
0.000000000000000000
0.000000000000000000
0.000000000000000000
0.000000000000000000
0.000000000000000000
0.000000000000000000
0.000000000000000000
0.000000000000000000
0.000000000000000000
0.000000000000000000
0.000000000000000000
0.000000000000000000
0.000000000000000000
0.000000000000000002
0.000000000000000008
0.000000000000000027
0.000000000000000009
0.000000000000000004
0.000000000000000002
0.000000000000000002
0.000000000000000001
0.000000000000000001
0.000000000000000001
0.000000000000000001
0.000000000000000001
0.000000000000000001
0.000000000000000001
0.000000000000000000
0.000000000000000000
0.000000000000000000
0.000000000000000000
0.000000000000000000
0.000000000000000000
0.000000000000000000
0.000000000000000000
0.000000000000000000
0.000000000000000000
0.000000000000000000
0.000000000000000000
0.000000000000000000
0.000000000000000000
0.000000000000000000
0.000000000000000000
0.000000000000000000
0.000000000000000000
0.000000000000000000
0.000000000000000000
0.000000000000000000
0.000000000000000001
0.000000000000000001
0.000000000000000001
0.000000000000000002
0.000000000000000005
0.000000000000000016
0.000000000000000068
0.000000000000000030
0.000000000000000009
0.000000000000000004
0.000000000000000002
0.000000000000000001
0.000000000000000001
0.000000000000000000
0.000000000000000000
0.000000000000000000
0.000000000000000000
0.000000000000000000
0.000000000000000000
0.000000000000000000
0.000000000000000000
0.000000000000000000
0.000000000000000000
0.000000000000000000
0.000000000000000000
0.000000000000000000
0.000000000000000000
0.000000000000000000
0.000000000000000000
0.000000000000000000
0.000000000000000000
0.000000000000000000
0.000000000000000000
0.000000000000000000
0.000000000000000000
0.000000000000000000
0.000000000000000000
0.000000000000000000
0.000000000000000000
0.000000000000000000
0.000000000000000000
0.000000000000000000
0.000000000000000001
0.000000000000000003
0.000000000000000010
0.000000000000000051
0.000000000000000063
0.000000000000000016
0.000000000000000006
0.000000000000000003
0.000000000000000003
0.000000000000000002
0.000000000000000002
0.000000000000000002
0.000000000000000001
0.000000000000000001
0.000000000000000001
0.000000000000000001
0.000000000000000001
0.000000000000000000
0.000000000000000000
0.000000000000000000
0.000000000000000000
0.000000000000000000
0.000000000000000000
0.000000000000000000
0.000000000000000000
0.000000000000000000
0.000000000000000000
0.000000000000000000
0.000000000000000000
0.000000000000000000
0.000000000000000000
0.000000000000000000
0.000000000000000000
0.000000000000000000
0.000000000000000000
0.000000000000000000
0.000000000000000000
0.000000000000000001
0.000000000000000001
0.000000000000000002
0.000000000000000003
0.000000000000000006
0.000000000000000022
0.000000000000000048
0.000000000000000010
0.000000000000000003
0.000000000000000001
0.000000000000000001
0.000000000000000000
0.000000000000000000
0.000000000000000000
0.000000000000000000
0.000000000000000000
0.000000000000000000
0.000000000000000000
0.000000000000000000
0.000000000000000000
0.000000000000000000
0.000000000000000000
0.000000000000000000
0.000000000000000000
0.000000000000000000
0.000000000000000000
0.000000000000000000
0.000000000000000000
0.000000000000000000
0.000000000000000000
0.000000000000000000
0.000000000000000000
0.000000000000000000
0.000000000000000000
0.000000000000000000
0.000000000000000000
0.000000000000000000
0.000000000000000000
0.000000000000000000
0.000000000000000000
0.000000000000000000
0.000000000000000000
0.000000000000000000
0.000000000000000002
0.000000000000000008
0.000000000000000040
0.000000000000000011
0.000000000000000004
0.000000000000000002
0.000000000000000001
0.000000000000000001
0.000000000000000001
0.000000000000000001
0.000000000000000001
0.000000000000000000
0.000000000000000000
0.000000000000000000
0.000000000000000000
0.000000000000000000
0.000000000000000000
0.000000000000000000
0.000000000000000000
0.000000000000000000
0.000000000000000000
0.000000000000000000
0.000000000000000000
0.000000000000000000
0.000000000000000000
0.000000000000000000
0.000000000000000000
0.000000000000000000
0.000000000000000000
0.000000000000000000
0.000000000000000000
0.000000000000000000
0.000000000000000000
0.000000000000000000
0.000000000000000000
0.000000000000000000
0.000000000000000000
0.000000000000000000
0.000000000000000000
0.000000000000000000
0.000000000000000001
0.000000000000000004
0.000000000000000001
0.000000000000000000
0.000000000000000000
0.000000000000000000
0.000000000000000000
0.000000000000000000
0.000000000000000000
0.000000000000000000
0.000000000000000000
0.000000000000000000
0.000000000000000000
0.000000000000000000
0.000000000000000000
