-1.000000000000000000
0.320035264797827230
0.196689438042979920
0.038664831021671286
0.003794431512773714
0.000811942121797987
0.000748201400187338
0.005471321953084135
0.000118498869332664
0.000014246665653597
0.000007452863100299
0.000082062405282260
0.000000704161348818
0.000000099175163394
0.000000040165041930
0.000000066019513345
0.000000000559928044
0.000000000072663259
0.000000000078397897
0.000000000001058107
0.000000000001117775
0.000000000000203134
0.000000000000234353
0.000000000000009010
0.000000000000003101
0.000000000000172345
0.000000000000000159
0.000000000000000017
0.000000000000000035
0.000000000000000006
0.000000000000000009
0.000000000000000001
0.000000000000000017
0.000000000000000001
0.000000000000000008
0.000000000000000000
0.000000000000000000
0.000000000000000000
0.000000000000000003
0.000000000000000001
0.000000000000000031
0.000000000000000000
0.000000000000000005
0.000000000000000000
0.000000000000000000
0.000000000000000004
0.000000000000000000
0.000000000000000000
0.000000000000000001
0.000000000000000001
0.000000000000000009
0.000000000000018368
0.000000000000000030
0.000000000000000017
0.000000000000000095
0.000000000000000177
0.000000000000000448
0.000000000000002670
0.000000000000008358
0.000000000000156181
0.000000000000007973
0.000000000000018995
0.000000000000012795
0.000000000000023926
0.000000000000019487
0.000000000000014605
0.000000000000043828
0.000000000000814139
0.000000000000703200
0.000000000017149011
0.000000000013755503
0.000000000001548512
0.000000000007006598
0.000000000006117478
0.000000000009060673
0.000000000015403722
0.000000000006144914
0.000000000020530080
0.000000000027003304
0.000000000027570957
0.000000000041986305
0.000000000037054655
0.000000000013254767
0.000000000132860487
0.000000000171316864
0.000000305131251174
0.000000000865080319
0.000000000135289285
0.000000000016530898
0.000000000216024717
0.000000000065077538
0.000000000103983903
0.000000000022726336
0.000000000102538746
0.000000000116877627
0.000000000100014833
0.000000000150904942
0.000000000323028589
0.000000000181805811
0.000000000004721832
0.000000000428670322
0.000000000083943379
0.000000000583289977
0.000000000048252771
0.000000000488817021
0.000000001143031385
0.000000001553726513
0.000000002217018598
0.000000004080665797
0.000000011197857608
0.000000055499646555
0.000003036768077311
0.000000121127765478
0.000000003221312465
0.000000005484972068
0.000000011518802163
0.000000001521370047
0.000000003182455337
0.000000003029851772
0.000000001371435253
0.000000002116297782
0.000000002352224543
0.000000000241311642
0.000000003515922908
0.000000002559791104
0.000000000306719241
0.000000001677899873
0.000000004516308134
0.000000006140313240
0.000000006382686274
0.000000006084798045
0.000000005667420534
0.000000003133969051
0.000000014007307516
0.000000013470162759
0.000000014028016014
0.000000012376310837
0.000000008142952538
0.000000006075606016
0.000000012610731967
0.000000021413005902
0.000000015906042285
0.000000008550549289
0.000000023406971782
0.000000022525719458
0.000000010755902882
0.000000033144057847
0.000000014825629043
0.000000029818970120
0.000000025133983556
0.000000028171826015
0.000000030364992676
0.000000035915478627
0.000000025128104139
0.000000058777400557
0.000000011218959287
0.000000080074929244
0.000000041050131611
0.000000031708198559
0.000000153176372414
0.000000077221015773
0.000000030484607233
0.000000536325521698
0.000001863293225559
0.000034866795866097
0.000000106536453072
0.000000382305633444
0.000000333536121933
0.000000189361470574
0.000000066716637308
0.000000008748555885
0.000000007079328604
0.000000031252539274
0.000000054773058916
0.000000065659256861
0.000000063943291662
0.000000054857909923
0.000000043692595568
0.000000033728606513
0.000000026242843532
0.000000021265007183
0.000000018310657783
0.000000016839915401
0.000000016462897343
0.000000016984630824
0.000000018363028913
0.000000020615454418
0.000000023684929853
0.000000027278592497
0.000000030722374877
0.000000032929166583
0.000000032619015383
0.000000028889898711
0.000000022037283818
0.000000014163684682
0.000000008825795253
0.000000009197157918
0.000000015347861039
0.000000022815374018
0.000000024962157548
0.000000018857886665
0.000000009600958925
0.000000006651114568
0.000000013158798564
0.000000020365519340
0.000000017611253550
0.000000008010765731
0.000000005715433037
0.000000013770392398
0.000000017335286232
0.000000009083080794
0.000000004088475738
0.000000011482369517
0.000000015005551517
0.000000006485657834
0.000000004257502382
0.000000013355011451
0.000000022986780905
0.000000004562330508
0.000000009060749342
0.000000006947841138
0.000000001147675169
0.000000006954131557
0.000000007227432480
0.000000000877653622
0.000000006327980425
0.000000005704897047
0.000000000670855389
0.000000006553464166
0.000000003149730278
0.000000001542524929
0.000000006142170983
0.000000000582322790
0.000000003819176993
0.000000003447470685
0.000000000603896528
0.000000004794671242
0.000000000224804687
0.000000003441517868
0.000000001735994620
0.000000001416655269
0.000000003031230876
0.000000000268415048
0.000000003322937487
0.000000000112830031
0.000000002929535900
0.000000000433876323
0.000000002376786599
0.000000000795799969
0.000000001967076765
0.000000001019242855
0.000000001779095217
0.000000001088929885
0.000000001789348888
0.000000001041700783
0.000000001957029077
0.000000000912758011
0.000000002250063851
0.000000000731614383
0.000000002633070430
0.000000000545565790
0.000000003036578428
0.000000000453929283
0.000000003324537148
0.000000000631723779
0.000000003289741997
0.000000001302326575
0.000000002727780636
0.000000002604481196
0.000000001634489696
0.000000004340829714
0.000000000477379359
0.000000005752303113
0.000000000278981766
0.000000005693478815
0.000000002078148619
0.000000003580004811
0.000000005651731812
0.000000000744692052
0.000000008526815870
0.000000000485351067
0.000000007401403429
0.000000004967406638
0.000000002507888917
0.000000010818644667
0.000000000143410341
0.000000010521064760
0.000000006194227245
0.000000003118436423
0.000000014728945638
0.000000000683872075
0.000000012033051824
0.000000011735688049
0.000000001218776504
0.000000020127638192
0.000000005504839924
0.000000008409209218
0.000000023740276082
0.000000000924357166
0.000000019404602070
0.000000023436287679
0.000000000235253117
0.000000031975235906
0.000000021580722931
0.000000003365663877
0.000000046232962502
0.000000020500462060
0.000000009403475041
0.000000064951125206
0.000000022388543625
0.000000017497902925
0.000000094561084875
0.000000031067063127
0.000000026895833601
0.000000149696486863
0.000000058106753068
0.000000036128617950
0.000000271462930546
0.000000150606551334
0.000000040537854303
0.000000630901462018
0.000000610733255612
0.000000023177481798
0.000003062686048488
0.000010819101553731
0.000016047992378984
0.000012617158509935
0.000004778011771064
0.000000350373858534
0.000000282967268589
0.000000717131882979
0.000000241101458970
0.000000008308768712
0.000000211818720852
0.000000184174701639
0.000000012148966015
0.000000050259991371
0.000000120911152346
0.000000046264883539
0.000000001893461559
0.000000056300762435
0.000000061292868804
0.000000008532228528
0.000000011240248015
0.000000045724443727
0.000000029620112841
0.000000000570784504
0.000000015919752421
0.000000033599336308
0.000000014621867999
0.000000000155001209
0.000000016136930069
0.000000024510526197
0.000000008025826548
0.000000000754142524
0.000000014342719040
0.000000018661994160
0.000000005362220780
0.000000000916831092
0.000000011930116885
0.000000015143947350
0.000000004580820499
0.000000000635675979
0.000000009384315996
0.000000013009149146
0.000000004840438668
0.000000000255149056
0.000000006785389673
0.000000011457797859
0.000000005768575553
0.000000000209653625
0.000000004184217944
0.000000009811382438
0.000000007018575974
0.000000000923112639
0.000000001861150336
0.000000007573113847
0.000000008011541187
0.000000002602277515
0.000000000431223449
0.000000004679720169
0.000000007935822981
0.000000004888430503
0.000000000621904184
0.000000001820781571
0.000000006182623670
0.000000006640491560
0.000000002593342985
0.000000000372163688
0.000000003157738870
0.000000006410004899
0.000000005164890925
0.000000001410685510
0.000000000708783148
0.000000003860329042
0.000000006057185310
0.000000004130342275
0.000000000948743585
0.000000000995312946
0.000000003999587881
0.000000005606877621
0.000000003616711053
0.000000000852319144
0.000000001038400877
0.000000003750680716
0.000000005227363003
0.000000003529710941
0.000000000971790622
0.000000000869253910
0.000000003213842643
0.000000004875290121
0.000000003742563529
0.000000001316152298
0.000000000635500144
0.000000002439204835
0.000000004389113278
0.000000004081209373
0.000000001944954137
0.000000000574279351
0.000000001535842878
0.000000003584139800
0.000000004265372125
0.000000002818566187
0.000000000956869637
0.000000000787739019
0.000000002415872998
0.000000003932266179
0.000000003637563932
0.000000001900161516
0.000000000646092049
0.000000001193951653
0.000000002871453748
0.000000003833898095
0.000000003071834464
0.000000001425055877
0.000000000615956868
0.000000001430553037
0.000000002963040346
0.000000003619180404
0.000000002753221729
0.000000001263950925
0.000000000628676060
0.000000001425513413
0.000000002815728460
0.000000003423276914
0.000000002678368509
0.000000001318682313
0.000000000630469084
0.000000001220177680
0.000000002485700764
0.000000003228610169
0.000000002775765755
0.000000001562715245
0.000000000689438502
0.000000000909391678
0.000000001980903098
0.000000002926431306
0.000000002917000834
0.000000001979654382
0.000000000933724480
0.000000000658332084
0.000000001349744383
0.000000002389642120
0.000000002895472663
0.000000002458020531
0.000000001452913882
0.000000000700276030
0.000000000785994231
0.000000001606134154
0.000000002480902543
0.000000002713914470
0.000000002134412673
0.000000001204894081
0.000000000638140280
0.000000000844477125
0.000000001636347054
0.000000002395685205
0.000000002551935350
0.000000001999891788
0.000000001155565346
0.000000000631239817
0.000000000786339361
0.000000001482255819
0.000000002202733709
0.000000002433446083
0.000000002020533509
0.000000001261082361
0.000000000679192216
0.000000000658848564
0.000000001190448428
0.000000001894530003
0.000000002290668243
0.000000002119379731
0.000000001502665730
0.000000000848004199
0.000000000572745306
0.000000000836132296
0.000000001449138779
0.000000002008844342
0.000000002160145405
0.000000001814575751
