-1.000000000000000000
0.320035264797827230
0.196689438042980140
0.038664831021671335
0.003794431512773712
0.000811942121797975
0.000748201400187130
0.005471321953079551
0.000118498869331166
0.000014246665657771
0.000007452863113496
0.000082062405239330
0.000000704161354867
0.000000099175165733
0.000000040165037867
0.000000066019504566
0.000000000559929727
0.000000000072662747
0.000000000078397884
0.000000000001058109
0.000000000001117786
0.000000000000203132
0.000000000000234358
0.000000000000009011
0.000000000000003101
0.000000000000172349
0.000000000000000159
0.000000000000000017
0.000000000000000035
0.000000000000000006
0.000000000000000009
0.000000000000000001
0.000000000000000017
0.000000000000000001
0.000000000000000008
0.000000000000000000
0.000000000000000000
0.000000000000000000
0.000000000000000003
0.000000000000000001
0.000000000000000031
0.000000000000000000
0.000000000000000004
0.000000000000000000
0.000000000000000000
0.000000000000000004
0.000000000000000000
0.000000000000000001
0.000000000000000001
0.000000000000000001
0.000000000000000010
0.000000000000018032
0.000000000000000054
0.000000000000000051
0.000000000000000032
0.000000000000000074
0.000000000000000307
0.000000000000001305
0.000000000000008596
0.000000000000184355
0.000000000000022582
0.000000000000004411
0.000000000000022279
0.000000000000021087
0.000000000000060507
0.000000000000002046
0.000000000000035731
0.000000000000759241
0.000000000000748632
0.000000000020577099
0.000000000010825615
0.000000000004361237
0.000000000001762728
0.000000000000090584
0.000000000000017689
0.000000000001873142
0.000000000011711643
0.000000000005462668
0.000000000001533800
0.000000000005762970
0.000000000003203418
0.000000000056463109
0.000000000130798041
0.000000000212337847
0.000000000029192879
0.000000295301136031
0.000000000516929535
0.000000000151181801
0.000000000172714386
0.000000000056390440
0.000000000112908832
0.000000000036664840
0.000000000174858837
0.000000000097324788
0.000000000019662223
0.000000000003173846
0.000000000165595505
0.000000000123707773
0.000000000184273577
0.000000000192194907
0.000000000031259954
0.000000000365514514
0.000000000079370685
0.000000000801774770
0.000000000210269796
0.000000000337957851
0.000000002180392083
0.000000004591181424
0.000000008077205733
0.000000017558573358
0.000000066740961595
0.000003071648280767
0.000000126269612546
0.000000007457033053
0.000000001737732436
0.000000009941281191
0.000000004364324976
0.000000001290518536
0.000000005640216651
0.000000000538378176
0.000000004577382141
0.000000002415814329
0.000000001248583515
0.000000005327751386
0.000000002992778062
0.000000000567477788
0.000000002348395496
0.000000004934806994
0.000000005864915444
0.000000005448336032
0.000000004640039951
0.000000003820074919
0.000000002027711815
0.000000009219270259
0.000000007971031726
0.000000007652437779
0.000000005955829988
0.000000002798741128
0.000000001070611988
0.000000004208078991
0.000000008408108774
0.000000005042528048
0.000000000831762579
0.000000007416540704
0.000000006553439267
0.000000000832144529
0.000000010029077499
0.000000001904488502
0.000000007834686543
0.000000005205685103
0.000000006878704997
0.000000006355683690
0.000000010080838262
0.000000003795263828
0.000000019274163679
0.000000000166695426
0.000000025875150327
0.000000020698446325
0.000000004841037182
0.000000072779830529
0.000000066563708059
0.000000004670257311
0.000000358592503992
0.000001748600173625
0.000035810339694908
0.000000220058604671
0.000000550728247723
0.000000374108442830
0.000000137604379672
0.000000017050575631
0.000000005046800163
0.000000034609875081
0.000000057101712690
0.000000058665578781
0.000000045838375681
0.000000029211569316
0.000000015586038415
0.000000007098785830
0.000000003080586452
0.000000001934766266
0.000000002192301391
0.000000002859023637
0.000000003395208726
0.000000003583064459
0.000000003406885251
0.000000002982564920
0.000000002529949942
0.000000002362855729
0.000000002861892643
0.000000004391293358
0.000000007132230523
0.000000010849214048
0.000000014692865286
0.000000017243191879
0.000000017015646239
0.000000013443480657
0.000000007859288914
0.000000003494291696
0.000000003671982908
0.000000008786108118
0.000000014707698669
0.000000015537885041
0.000000009827558845
0.000000003742917482
0.000000005014184204
0.000000012382597125
0.000000015372100170
0.000000009017420455
0.000000003343354835
0.000000008312110875
0.000000015225653111
0.000000010795585738
0.000000003565617685
0.000000008667910962
0.000000015377593988
0.000000008707047073
0.000000003590662978
0.000000014153620555
0.000000012910478233
0.000000003554811745
0.000000011931095537
0.000000013818028613
0.000000004070716214
0.000000010432331153
0.000000014140689250
0.000000004053780754
0.000000011377829356
0.000000013008911072
0.000000003824162780
0.000000013935727675
0.000000009690477196
0.000000005631579625
0.000000015662589587
0.000000004989034075
0.000000011392573732
0.000000011964381062
0.000000004906661564
0.000000015926871111
0.000000004578027798
0.000000013217161140
0.000000009409438186
0.000000007874811731
0.000000014344465646
0.000000004358204228
0.000000016403047637
0.000000003987153552
0.000000015651391987
0.000000005790368208
0.000000013487244821
0.000000008322682075
0.000000011171423179
0.000000010619248249
0.000000009361986982
0.000000012292154107
0.000000008247096996
0.000000013287885932
0.000000007812715329
0.000000013644672222
0.000000008036503653
0.000000013354662673
0.000000008970537263
0.000000012333507084
0.000000010721073102
0.000000010492449276
0.000000013322016215
0.000000007921059985
0.000000016500408539
0.000000005157565843
0.000000019405527354
0.000000003400985950
0.000000020541939748
0.000000004326718249
0.000000018314078607
0.000000009106212817
0.000000012436998628
0.000000016711000767
0.000000005588215181
0.000000022828511830
0.000000003275515752
0.000000021820569494
0.000000009753790001
0.000000012602411972
0.000000021564642699
0.000000003577235053
0.000000026728307212
0.000000007137038554
0.000000017055575853
0.000000022891050891
0.000000003812561767
0.000000030735196637
0.000000009222390189
0.000000016450129327
0.000000030538115003
0.000000002655485712
0.000000032808583706
0.000000020082429022
0.000000008735578843
0.000000042866757593
0.000000008970037485
0.000000023425571256
0.000000045204920545
0.000000003013795654
0.000000041576557471
0.000000043322026270
0.000000003107958341
0.000000061391161444
0.000000041444282576
0.000000007755460720
0.000000085107787839
0.000000043360931390
0.000000015112851806
0.000000119434013024
0.000000054279465252
0.000000023575323240
0.000000179563421105
0.000000087728222033
0.000000031157507249
0.000000307251572422
0.000000195314465463
0.000000033366240761
0.000000674864932352
0.000000695391473387
0.000000016382472439
0.000003126812558835
0.000011148276706330
0.000016351679590797
0.000012571410851587
0.000004586204203036
0.000000301553372220
0.000000292791266237
0.000000659690339887
0.000000197015762610
0.000000014758070964
0.000000194121920492
0.000000146613784544
0.000000006989097582
0.000000050623849128
0.000000096163386604
0.000000029878109197
0.000000005307627570
0.000000047183375756
0.000000041468234549
0.000000004478911115
0.000000012563399874
0.000000032759930160
0.000000016988688608
0.000000001255479902
0.000000013705183300
0.000000020886896536
0.000000007349594717
0.000000001749716552
0.000000011731944692
0.000000013512926091
0.000000003802733914
0.000000002022109327
0.000000009183053669
0.000000009381513134
0.000000002538322798
0.000000001762228341
0.000000006942362223
0.000000007125602489
0.000000002152130741
0.000000001259447119
0.000000005103288185
0.000000005838342711
0.000000002186353201
0.000000000779670738
0.000000003544058224
0.000000004960255847
0.000000002479163590
0.000000000524960368
0.000000002177631942
0.000000004122614543
0.000000002889675534
0.000000000648123363
0.000000001055103677
0.000000003099022298
0.000000003183591460
0.000000001194297155
0.000000000380979716
0.000000001871089512
0.000000003047865459
0.000000001979092294
0.000000000396702724
0.000000000724859049
0.000000002277251033
0.000000002530745833
0.000000001102383420
0.000000000185817734
0.000000001081218667
0.000000002310343793
0.000000001983657252
0.000000000607057792
0.000000000196759158
0.000000001264699730
0.000000002170244517
0.000000001588837424
0.000000000371488601
0.000000000224211133
0.000000001278486891
0.000000001996269079
0.000000001375385710
0.000000000287036366
0.000000000196124746
0.000000001163023885
0.000000001837492240
0.000000001316797247
0.000000000305584400
0.000000000116191224
0.000000000944413765
0.000000001676128162
0.000000001368262746
0.000000000427607935
0.000000000034590905
0.000000000641851605
0.000000001454283569
0.000000001460395747
0.000000000666137250
0.000000000037525245
0.000000000304121845
0.000000001109650036
0.000000001482005940
0.000000000991832123
0.000000000220635608
0.000000000047696176
0.000000000639506868
0.000000001296894763
0.000000001275791711
0.000000000612003661
0.000000000044805097
0.000000000179412602
0.000000000840364886
0.000000001296143757
0.000000001061821769
0.000000000398023217
0.000000000003815181
0.000000000272084481
0.000000000900128061
0.000000001230490050
0.000000000932036669
0.000000000316891117
0.000000000000286684
0.000000000279608381
0.000000000857952858
0.000000001159585425
0.000000000897091169
0.000000000332760633
0.000000000005041149
0.000000000209895625
0.000000000735832419
0.000000001082447183
0.000000000932571345
0.000000000432703095
0.000000000039921310
0.000000000098574385
0.000000000539344540
0.000000000958787252
0.000000000986985138
0.000000000606965028
0.000000000153677479
0.000000000012468727
0.000000000290454951
0.000000000738741463
0.000000000975543812
0.000000000807785147
0.000000000381292386
0.000000000047303259
0.000000000069825156
0.000000000417842264
0.000000000802743751
0.000000000917127411
0.000000000676217536
0.000000000274131957
0.000000000022344020
0.000000000106525561
0.000000000451066572
0.000000000787114292
0.000000000861579493
0.000000000624025338
0.000000000255183311
0.000000000025325240
0.000000000094808520
0.000000000403483671
0.000000000722816105
0.000000000824600674
0.000000000641150900
0.000000000305771725
0.000000000052260193
0.000000000050352001
0.000000000292813144
0.000000000607621762
0.000000000780079634
0.000000000697417803
0.000000000419089319
0.000000000130775745
0.000000000018482487
0.000000000148465027
0.000000000429639213
0.000000000677852513
0.000000000735838405
0.000000000570625148
