-1.000000000000000000
0.320035264797827230
0.196689438042979920
0.038664831021671286
0.003794431512773714
0.000811942121797987
0.000748201400187344
0.005471321953082820
0.000118498869330343
0.000014246665663865
0.000007452863107103
0.000082062405283868
0.000000704161354159
0.000000099175184291
0.000000040165047558
0.000000066019507518
0.000000000559928483
0.000000000072663011
0.000000000078398106
0.000000000001058112
0.000000000001117772
0.000000000000203137
0.000000000000234349
0.000000000000009011
0.000000000000003101
0.000000000000172346
0.000000000000000159
0.000000000000000017
0.000000000000000035
0.000000000000000006
0.000000000000000009
0.000000000000000001
0.000000000000000017
0.000000000000000001
0.000000000000000008
0.000000000000000000
0.000000000000000000
0.000000000000000000
0.000000000000000003
0.000000000000000001
0.000000000000000031
0.000000000000000000
0.000000000000000005
0.000000000000000000
0.000000000000000000
0.000000000000000004
0.000000000000000000
0.000000000000000000
0.000000000000000001
0.000000000000000001
0.000000000000000010
0.000000000000018252
0.000000000000000033
0.000000000000000017
0.000000000000000101
0.000000000000000161
0.000000000000000308
0.000000000000001896
0.000000000000011819
0.000000000000162121
0.000000000000005198
0.000000000000032359
0.000000000000018737
0.000000000000042278
0.000000000000009260
0.000000000000019202
0.000000000000080672
0.000000000000897015
0.000000000001429476
0.000000000019616440
0.000000000008680693
0.000000000001544537
0.000000000002254514
0.000000000002892303
0.000000000002805828
0.000000000003308551
0.000000000002565074
0.000000000007576939
0.000000000009822414
0.000000000011780810
0.000000000029318303
0.000000000044180307
0.000000000008761538
0.000000000138501624
0.000000000199552746
0.000000304802817510
0.000000000777529208
0.000000000064536367
0.000000000083922908
0.000000000229576313
0.000000000022578337
0.000000000084344501
0.000000000251399458
0.000000000250477232
0.000000000203510286
0.000000000244387022
0.000000000072993459
0.000000001429884086
0.000000001462528777
0.000000000653424822
0.000000002181373434
0.000000001360805585
0.000000002983465153
0.000000000807160764
0.000000003107989548
0.000000004803728450
0.000000003808823482
0.000000002666867162
0.000000003109470596
0.000000009064721216
0.000000053907388150
0.000003081316297772
0.000000103255007073
0.000000000650294340
0.000000009191960334
0.000000009287493558
0.000000000254765874
0.000000003619217847
0.000000001291919033
0.000000001466088544
0.000000001228662534
0.000000001939785392
0.000000000101900377
0.000000003119969269
0.000000003034633798
0.000000000623038928
0.000000001178821948
0.000000003956019852
0.000000006277504932
0.000000007333332744
0.000000007614946755
0.000000007619382947
0.000000007694679263
0.000000012422347935
0.000000010990289363
0.000000009398746591
0.000000006162139911
0.000000003128320222
0.000000004556628179
0.000000010660015739
0.000000012009323972
0.000000004418341798
0.000000004629777314
0.000000013337123890
0.000000005582481806
0.000000005060301059
0.000000013765005662
0.000000001300532397
0.000000014177272937
0.000000003424533930
0.000000013315514443
0.000000004687401088
0.000000016509868426
0.000000002440204929
0.000000025415495638
0.000000000494859476
0.000000030063242698
0.000000024964506008
0.000000005404984793
0.000000082388330683
0.000000065666038628
0.000000006886400315
0.000000384276861506
0.000001735700341379
0.000035435914289128
0.000000185373184746
0.000000523397735454
0.000000391649872900
0.000000171534562817
0.000000035658528305
0.000000003781870641
0.000000027960180701
0.000000059358619300
0.000000074350790040
0.000000071236292946
0.000000057865961665
0.000000042352128259
0.000000029460317177
0.000000020696228136
0.000000015650909211
0.000000013229694972
0.000000012368118865
0.000000012316221357
0.000000012683501023
0.000000013390282994
0.000000014594831741
0.000000016606098121
0.000000019758216930
0.000000024216978554
0.000000029719220501
0.000000035323164523
0.000000039357693092
0.000000039829539734
0.000000035437451949
0.000000026917864549
0.000000017794361763
0.000000013262978751
0.000000016781202937
0.000000026227134068
0.000000033655722285
0.000000031337364072
0.000000020365009469
0.000000011931679826
0.000000015763015104
0.000000026594221529
0.000000028604279419
0.000000017616422893
0.000000009828178440
0.000000017314910919
0.000000025873320371
0.000000018495496813
0.000000008358426098
0.000000014794707157
0.000000022990182850
0.000000014087582619
0.000000007220197185
0.000000017793108100
0.000000033219317053
0.000000002108043825
0.000000011684844213
0.000000012643925281
0.000000003375254627
0.000000008723748134
0.000000012077538323
0.000000002749051067
0.000000007897361719
0.000000009636653682
0.000000001607551432
0.000000008378409572
0.000000005868811449
0.000000001795207938
0.000000008326130028
0.000000001669809827
0.000000004340682348
0.000000005165885285
0.000000000605258510
0.000000005961816069
0.000000000580210831
0.000000003825275264
0.000000002323193498
0.000000001444279785
0.000000003509089994
0.000000000249001721
0.000000003633127153
0.000000000061502798
0.000000003226608264
0.000000000260156494
0.000000002825038441
0.000000000457505855
0.000000002654916292
0.000000000545311044
0.000000002738242795
0.000000000538107928
0.000000003040443264
0.000000000462630000
0.000000003537580691
0.000000000329357289
0.000000004215195553
0.000000000155370586
0.000000005030317850
0.000000000013464688
0.000000005855330046
0.000000000090689517
0.000000006425453110
0.000000000722211178
0.000000006342712895
0.000000002325678258
0.000000005230132035
0.000000005136592458
0.000000003114318640
0.000000008730857121
0.000000000929826335
0.000000011619839538
0.000000000643143491
0.000000011621324424
0.000000004200327340
0.000000007662932670
0.000000011134319475
0.000000002279385312
0.000000016792177248
0.000000001619455709
0.000000015030448830
0.000000009716357073
0.000000006179324400
0.000000020536980332
0.000000001536461504
0.000000020546533809
0.000000011783007365
0.000000007683847141
0.000000026901070198
0.000000002720552622
0.000000023050912255
0.000000020827632175
0.000000004626709737
0.000000035519482768
0.000000010305128325
0.000000017029526690
0.000000039704944074
0.000000003507545194
0.000000034199946250
0.000000037472756977
0.000000003372483317
0.000000052172617743
0.000000033060238616
0.000000008988220447
0.000000070927365293
0.000000029973202006
0.000000018354141704
0.000000094088527250
0.000000030882520279
0.000000029815481745
0.000000129436032059
0.000000039909771013
0.000000042048297502
0.000000193513506776
0.000000069522456321
0.000000052955282017
0.000000330870613422
0.000000170015896018
0.000000056801346846
0.000000722095187368
0.000000656799196813
0.000000034068888518
0.000003261221634481
0.000011060265243537
0.000015926763472605
0.000012238457220600
0.000004582637471330
0.000000356523804509
0.000000236147919373
0.000000629489154386
0.000000229529789532
0.000000005600411730
0.000000162116201515
0.000000158522106870
0.000000019439544142
0.000000029459050962
0.000000089687923180
0.000000046561885332
0.000000001823500335
0.000000032175964820
0.000000048536980021
0.000000014926063800
0.000000003237890772
0.000000026814751292
0.000000028107066986
0.000000005369833910
0.000000004621442675
0.000000021417530654
0.000000018156524343
0.000000002208850347
0.000000004880423411
0.000000017481423217
0.000000013244391371
0.000000001109092083
0.000000004469851724
0.000000014722816017
0.000000010915341336
0.000000000843224246
0.000000003641475190
0.000000012640249363
0.000000010044912292
0.000000001098477303
0.000000002535740459
0.000000010779103340
0.000000010002191011
0.000000001891372855
0.000000001351157322
0.000000008751945336
0.000000010255011466
0.000000003327796901
0.000000000456727057
0.000000006325000261
0.000000010186654229
0.000000005364602845
0.000000000404908291
0.000000003623560209
0.000000009126784042
0.000000007530717594
0.000000001716208663
0.000000001344365597
0.000000006700144825
0.000000008799694622
0.000000004351287088
0.000000000647088468
0.000000003430767486
0.000000008006645199
0.000000007141835780
0.000000002341473038
0.000000001038011033
0.000000005000020540
0.000000008010395874
0.000000005580406396
0.000000001470570244
0.000000001711430177
0.000000005724788831
0.000000007536377202
0.000000004607072968
0.000000001226841955
0.000000002107687036
0.000000005807003001
0.000000007067223320
0.000000004221156599
0.000000001248797390
0.000000002107356667
0.000000005457378554
0.000000006731490408
0.000000004302193633
0.000000001432216116
0.000000001796113112
0.000000004761602733
0.000000006430753551
0.000000004719299546
0.000000001852813281
0.000000001378328887
0.000000003745825210
0.000000005932501492
0.000000005275426984
0.000000002632724097
0.000000001173861609
0.000000002530113229
0.000000004978557942
0.000000005615253842
0.000000003745842538
0.000000001554081251
0.000000001485787935
0.000000003502595833
0.000000005258861723
0.000000004803042979
0.000000002682475273
0.000000001217544219
0.000000001920313392
0.000000003931254813
0.000000005052003701
0.000000004114355640
0.000000002136040655
0.000000001158123761
0.000000002109858464
0.000000003928241754
0.000000004729578292
0.000000003726272505
0.000000001945730767
0.000000001129486569
0.000000002005811007
0.000000003642177412
0.000000004422600353
0.000000003613369803
0.000000002005817536
0.000000001099549330
0.000000001680101330
0.000000003136348722
0.000000004088656803
0.000000003672651010
0.000000002285483476
0.000000001168176965
0.000000001269961885
0.000000002434810276
0.000000003593533366
0.000000003729129565
0.000000002740606235
0.000000001481312174
0.000000000994524574
0.000000001635969227
0.000000002815441520
0.000000003528210919
0.000000003192060272
0.000000002094838443
0.000000001120188279
0.000000001016652801
0.000000001815667326
0.000000002843304716
0.000000003277741544
0.000000002788066959
0.000000001761774859
0.000000000975599268
0.000000000993180591
0.000000001756158672
0.000000002658429827
0.000000003017734862
0.000000002575579475
0.000000001662611413
0.000000000932566480
0.000000000881804857
0.000000001507249533
0.000000002333301813
0.000000002765324987
0.000000002505059174
0.000000001739823077
0.000000000991540389
0.000000000749026018
0.000000001143170777
0.000000001877768049
0.000000002445257989
0.000000002468340446
0.000000001937985923
0.000000001201261778
0.000000000722571880
0.000000000783932575
0.000000001316643067
0.000000001961149488
0.000000002303665259
