-1.000000000000000000
0.320035264797827230
0.196689438042980140
0.038664831021671335
0.003794431512773710
0.000811942121797986
0.000748201400187298
0.005471321953079067
0.000118498869331791
0.000014246665667076
0.000007452863077374
0.000082062405174878
0.000000704161341947
0.000000099175162433
0.000000040165062898
0.000000066019495323
0.000000000559929161
0.000000000072662780
0.000000000078397877
0.000000000001058101
0.000000000001117779
0.000000000000203139
0.000000000000234354
0.000000000000009010
0.000000000000003101
0.000000000000172347
0.000000000000000159
0.000000000000000017
0.000000000000000035
0.000000000000000006
0.000000000000000009
0.000000000000000001
0.000000000000000017
0.000000000000000001
0.000000000000000008
0.000000000000000000
0.000000000000000000
0.000000000000000000
0.000000000000000003
0.000000000000000001
0.000000000000000031
0.000000000000000000
0.000000000000000005
0.000000000000000000
0.000000000000000000
0.000000000000000004
0.000000000000000000
0.000000000000000000
0.000000000000000001
0.000000000000000001
0.000000000000000010
0.000000000000018156
0.000000000000000048
0.000000000000000045
0.000000000000000045
0.000000000000000079
0.000000000000000394
0.000000000000001227
0.000000000000012206
0.000000000000199523
0.000000000000021166
0.000000000000008729
0.000000000000006252
0.000000000000028046
0.000000000000007674
0.000000000000036501
0.000000000000015129
0.000000000000876000
0.000000000000204442
0.000000000018121821
0.000000000013496975
0.000000000003240521
0.000000000001864686
0.000000000000968817
0.000000000001394220
0.000000000000038110
0.000000000010318832
0.000000000003019003
0.000000000007849821
0.000000000015030578
0.000000000005549843
0.000000000018499060
0.000000000102698047
0.000000000072647055
0.000000000166607509
0.000000298536739604
0.000000000544437109
0.000000000025155278
0.000000000271665735
0.000000000695997256
0.000000000108793558
0.000000000695181631
0.000000000421786093
0.000000000137249751
0.000000000185772361
0.000000000213285898
0.000000000552520209
0.000000000057977498
0.000000000198681390
0.000000000069632555
0.000000000311658706
0.000000000057254400
0.000000001135471716
0.000000000233350944
0.000000001318050863
0.000000004278882707
0.000000005457919029
0.000000005445792572
0.000000006621895850
0.000000014277060163
0.000000065928081208
0.000003196909070581
0.000000077402338752
0.000000001539707236
0.000000018743734810
0.000000007984530594
0.000000003106624590
0.000000010724868729
0.000000001388003631
0.000000008539410683
0.000000002722245124
0.000000003600896933
0.000000006111038034
0.000000001051713445
0.000000001301431666
0.000000003447091407
0.000000002772351197
0.000000001058453896
0.000000000195920940
0.000000000207661338
0.000000000592135354
0.000000001143132938
0.000000004595717266
0.000000002810653840
0.000000002557404299
0.000000002060268097
0.000000000900755925
0.000000000590379739
0.000000003612414713
0.000000008394686769
0.000000007418915872
0.000000002017931010
0.000000007421460545
0.000000013912785637
0.000000003872126099
0.000000011597948196
0.000000015412894069
0.000000004644128656
0.000000023278383319
0.000000003937315898
0.000000027462705981
0.000000004448719369
0.000000034030890628
0.000000003624965844
0.000000041900786392
0.000000012485401042
0.000000032758793221
0.000000059893674153
0.000000002496065116
0.000000102178640650
0.000000125493951758
0.000000001272090914
0.000000404659844213
0.000001983046168576
0.000036613276181860
0.000000234149427321
0.000000476832151337
0.000000286293117352
0.000000096841789472
0.000000013211090126
0.000000002897650525
0.000000016714038880
0.000000028406230666
0.000000031591463562
0.000000028376700238
0.000000022325214784
0.000000016006704416
0.000000010730328697
0.000000006908168372
0.000000004457377357
0.000000003094358075
0.000000002514731042
0.000000002486987626
0.000000002891196538
0.000000003726213014
0.000000005095389679
0.000000007166178108
0.000000010088532820
0.000000013858961164
0.000000018143044401
0.000000022127551307
0.000000024550228867
0.000000024090369818
0.000000020185861755
0.000000013984291415
0.000000008645436171
0.000000008063090775
0.000000013938395074
0.000000023083575284
0.000000028298536767
0.000000024333166455
0.000000014623909681
0.000000010112006800
0.000000017326626062
0.000000028026126551
0.000000027495048251
0.000000016024697041
0.000000011720064503
0.000000022567421809
0.000000030011976840
0.000000020007773387
0.000000011706359143
0.000000022295483186
0.000000029866307565
0.000000017841625153
0.000000013185572384
0.000000027965399750
0.000000043585440545
0.000000007948297112
0.000000022072991581
0.000000020639933385
0.000000008846250922
0.000000019163761580
0.000000021800962888
0.000000008563062794
0.000000018768073230
0.000000019402658881
0.000000007675904653
0.000000020129308213
0.000000014173112485
0.000000008804109280
0.000000020386708142
0.000000007525866807
0.000000013883419629
0.000000014817983337
0.000000005850219548
0.000000017480220270
0.000000005466809228
0.000000012789392464
0.000000009975312101
0.000000006445345998
0.000000013414130736
0.000000002955992703
0.000000013434191612
0.000000002717816819
0.000000011019110964
0.000000004087979998
0.000000007937056060
0.000000005554983498
0.000000005307862236
0.000000006430045592
0.000000003475348853
0.000000006635906693
0.000000002365211292
0.000000006334088745
0.000000001801176453
0.000000005692829833
0.000000001653414240
0.000000004809804841
0.000000001861302842
0.000000003729793046
0.000000002386733910
0.000000002512833365
0.000000003131660040
0.000000001323491342
0.000000003854101626
0.000000000492670587
0.000000004152744032
0.000000000458813687
0.000000003627828348
0.000000001488915974
0.000000002270583828
0.000000003227797565
0.000000000875346322
0.000000004477293007
0.000000000889130566
0.000000003875625249
0.000000003152183058
0.000000001592386064
0.000000006178500047
0.000000000412573785
0.000000006473969772
0.000000003449514420
0.000000002763111286
0.000000008958979315
0.000000000156448994
0.000000009696505488
0.000000005327525718
0.000000003172202903
0.000000013927132718
0.000000000609428147
0.000000011939459744
0.000000011738906006
0.000000001220471723
0.000000020754932257
0.000000005931753201
0.000000008692791275
0.000000025583122305
0.000000001214084363
0.000000020804680288
0.000000026311681071
0.000000000322189608
0.000000035286408459
0.000000025086736315
0.000000003606884175
0.000000052012931828
0.000000024433684369
0.000000010250344539
0.000000073723466555
0.000000026924078832
0.000000019250833735
0.000000107162599019
0.000000036902428177
0.000000029570277964
0.000000167715554775
0.000000066931194878
0.000000039348575323
0.000000298058114511
0.000000166759844019
0.000000043424819036
0.000000673629703783
0.000000648706525709
0.000000024472062270
0.000003156401815117
0.000011006876219155
0.000016085082544602
0.000012444306958934
0.000004635567666902
0.000000337042795261
0.000000264151172466
0.000000657762320119
0.000000220372809796
0.000000008217978391
0.000000180845702938
0.000000157715192337
0.000000013104122240
0.000000038861356534
0.000000094926378597
0.000000039603108435
0.000000002259770005
0.000000038901319600
0.000000045934267313
0.000000009782054619
0.000000006392362429
0.000000028960908549
0.000000023020929537
0.000000002963461210
0.000000007498945757
0.000000020332937520
0.000000013177465138
0.000000001430045273
0.000000006534554538
0.000000014814063182
0.000000009047950329
0.000000000927928916
0.000000005035581061
0.000000011533072253
0.000000007397498338
0.000000000710611169
0.000000003546353120
0.000000009460630620
0.000000006935841039
0.000000000792932189
0.000000002163127976
0.000000007859319240
0.000000007084803317
0.000000001325178507
0.000000000951950622
0.000000006236206597
0.000000007418916566
0.000000002436623730
0.000000000138184477
0.000000004330900155
0.000000007442891105
0.000000004081739613
0.000000000128341875
0.000000002238883935
0.000000006614331959
0.000000005831191680
0.000000001307954391
0.000000000560473000
0.000000004657469616
0.000000006790146211
0.000000003571047466
0.000000000270432442
0.000000002084967508
0.000000005995719731
0.000000005844902703
0.000000001977415776
0.000000000408461139
0.000000003433910005
0.000000006351693258
0.000000004805425859
0.000000001212303772
0.000000000896682598
0.000000004206810699
0.000000006248542444
0.000000004135356100
0.000000000987086225
0.000000001255216089
0.000000004450641589
0.000000006056332632
0.000000003914571788
0.000000001047831343
0.000000001334774811
0.000000004283435762
0.000000005893625977
0.000000004084142957
0.000000001312990489
0.000000001181613851
0.000000003764257702
0.000000005683941403
0.000000004534371938
0.000000001839520900
0.000000000975442494
0.000000002933182793
0.000000005226963463
0.000000005065162460
0.000000002708878798
0.000000001013945470
0.000000001941725128
0.000000004311791014
0.000000005321231017
0.000000003842187690
0.000000001625120859
0.000000001182557494
0.000000002938462537
0.000000004858586916
0.000000004809812108
0.000000002894556196
0.000000001231636089
0.000000001582999461
0.000000003494305986
0.000000004882046330
0.000000004294892437
0.000000002390908603
0.000000001157649960
0.000000001817098087
0.000000003624303055
0.000000004710979100
0.000000004001909494
0.000000002239657704
0.000000001168961045
0.000000001791869556
0.000000003437047665
0.000000004482431774
0.000000003939886015
0.000000002354630324
0.000000001222765775
0.000000001560623624
0.000000002994516814
0.000000004167677875
0.000000004013054368
0.000000002695660849
0.000000001407026058
0.000000001265605227
0.000000002342076205
0.000000003647987138
0.000000004036869920
0.000000003190483850
0.000000001848923416
0.000000001138599910
0.000000001615209932
0.000000002831426439
0.000000003751309724
0.000000003621013980
0.000000002563884131
0.000000001440221098
0.000000001129076111
0.000000001834603256
0.000000002958267622
0.000000003600941997
0.000000003269009483
0.000000002232189341
0.000000001283359448
0.000000001118085597
0.000000001820499195
0.000000002829694740
0.000000003381680271
0.000000003075351060
0.000000002145426613
0.000000001264470347
0.000000001043932978
0.000000001605304080
0.000000002517795524
0.000000003123470302
0.000000003001627680
0.000000002245764715
0.000000001376252587
0.000000000969850391
0.000000001271339418
0.000000002046387961
0.000000002757998939
0.000000002931458361
0.000000002459396927
0.000000001654016913
0.000000001028373701
0.000000000961883046
0.000000001467715957
0.000000002201342005
0.000000002690410106
